日线	000581	威孚高科										
时间	开盘价	最高价	最低价	收盘价	成交量	成交额	MA.MA1	MA.MA2	MA.MA3	MA.MA4	MA.MA5	MA.MA6
20100611	15	15.35000038	14.85000038	15.28999996	87608	13307.23047	14.61800098	14.51099873	14.49300098	14.72333336	17.25333405	14.84728336
20100610	14.60000038	15.11999989	14.47000027	14.98999977	88382	13129.7002	14.44400024	14.46399975	14.43849945	14.76366711	17.27366829	14.83524323
20100609	14.14999962	14.72000027	13.97999954	14.69999981	91677	13144.2002	14.31199932	14.42899895	14.37800026	14.85099983	17.2966671	14.82400322
20100608	14.01000023	14.18000031	13.85999966	14.06000042	40812	5733.5	14.24400043	14.42700005	14.35099983	14.9703331	17.32074928	14.8136425
20100607	14.10000038	14.25	13.97999954	14.05000019	50835	7163.100098	14.27400017	14.55600166	14.37700081	15.1016674	17.35191727	14.80564308
20100604	14.27999973	14.43000031	13.89999962	14.42000008	64822	9122.200195	14.40399933	14.66099834	14.42949867	15.24733448	17.38316727	14.80304337
20100603	14.36999989	14.71000004	14.30000019	14.32999992	60940	8819.900391	14.48399925	14.6619997	14.47149849	15.36166859	17.40550041	14.79964256
20100602	14.21000004	14.61999989	13.98999977	14.35999966	63284	9015.400391	14.54599953	14.67400074	14.54349804	15.46133614	17.43366814	14.79452229
20100601	14.44999981	14.75	13.85999966	14.21000004	50337	7195.100098	14.61000061	14.61100006	14.63049889	15.56533623	17.46225166	14.78756142
20100531	14.68000031	14.85000038	14.31000042	14.69999981	79794	11690.90039	14.8380003	14.53199959	14.73400116	15.71366978	17.48716545	14.7839222
20100528	15.17000008	15.25	14.64999962	14.81999969	104369	15605.7002	14.91799927	14.47500038	14.82950115	15.85000324	17.50341606	14.77832222
20100526	14.69999981	15.05000019	14.42000008	14.64000034	69500	10209.5	14.84000111	14.41299915	14.91350079	15.99433613	17.51000023	14.77304173
20100525	15.36999989	15.61999989	14.60999966	14.68000031	88748	13369.09961	14.80200005	14.32699871	15.06199932	16.13033485	17.52200127	14.76488304
20100524	15.18000031	15.75	15.07999992	15.35000038	90035	13869.2002	14.61199951	14.27499962	15.24199963	16.27266884	17.54125214	14.75444221
20100521	14.19999981	15.17000008	14.02000046	15.10000038	82166	12189.40039	14.22599983	14.19799995	15.37450123	16.40466881	17.54833412	14.74124241
20100520	14.30000019	15.09000015	14.15999985	14.43000031	118002	17413.80078	14.03200054	14.19799805	15.54050159	16.53033638	17.56316566	14.72828197
20100519	13.68000031	14.47999954	13.57999992	14.44999981	90451	12846	13.98600006	14.28100014	15.71150398	16.6950016	17.5830822	14.71908188
20100518	13.42000008	13.76000023	12.89000034	13.72999954	74053	9844.099609	13.85199928	14.41299915	15.85500336	16.87433434	17.59574699	14.70828247
20100517	13.89000034	14.19999981	13.40999985	13.42000008	41842	5810.799805	13.93800068	14.64999962	16.04250145	17.07600021	17.614748	14.70032215
20100514	14.05000019	14.27000046	13.90999985	14.13000011	50591	7125.399902	14.17000008	14.93599987	16.30450058	17.28199959	17.63616562	14.69264221
20100513	13.89000034	14.26000023	13.35999966	14.19999981	77874	10828.90039	14.36400032	15.18400002	16.53750229	17.44433212	17.65325165	14.68152332
20100512	14.06000042	14.18000031	13.31999969	13.77999973	48184	6656.299805	14.57600117	15.41399956	16.78499985	17.60866928	17.66741753	14.66812325
20100511	14.93999958	14.93999958	14.07999992	14.15999985	66892	9739.5	14.97399902	15.79699993	17.03199959	17.7733345	17.6859169	14.65500355
20100510	15.10000038	15.26000023	14.18000031	14.57999992	75211	10960.40039	15.36200142	16.20899963	17.27150154	17.91800117	17.69383621	14.63844395
20100507	15	15.39999962	14.80000019	15.10000038	49536	7452.700195	15.70200062	16.55099869	17.50800133	18.04766655	17.70233345	14.61972332
20100506	15.93000031	15.97000027	15.14999962	15.26000023	73512	11502.7998	16.00399971	16.88299942	17.69650078	18.16200066	17.70566559	14.60124302
20100505	16	16.36000061	15.18000031	15.77000046	99395	15604	16.2519989	17.14200211	17.90200043	18.25833511	17.70916748	14.58332348
20100504	15.90999985	16.71999931	15.81000042	16.10000038	47927	7845.799805	16.61999893	17.29700089	18.10499954	18.34600258	17.70708656	14.56188393
20100430	16.61000061	16.96999931	15.80000019	16.28000069	72285	11761.40039	17.05599976	17.43499947	18.28899956	18.41933632	17.70450211	14.54100323
20100429	16.64999962	17.10000038	16.60000038	16.61000061	63219	10620.2002	17.39999962	17.67300034	18.45499802	18.48833656	17.70308685	14.52108288
20100428	17.29000092	17.62000084	16.39999962	16.5	80535	13630.59961	17.76199913	17.89100075	18.57449913	18.54700089	17.69758224	14.50264168
20100427	18.44000053	18.44000053	16.56999969	17.61000061	107879	18848.69922	18.0320015	18.15600014	18.70600319	18.58366966	17.6859169	14.48344231
20100426	17.96999931	18.79999924	17.92000008	18.28000069	64288	11886.90039	17.97399902	18.2670002	18.76150131	18.58133507	17.66250038	14.46140099
20100423	18.44000053	18.68000031	17.90999985	18	59502	10855.40039	17.81399918	18.33400154	18.77250099	18.56533432	17.63216782	14.43228245
20100422	17.70000076	18.52000046	17.5	18.42000008	76319	13754.2002	17.94599915	18.46500015	18.79600143	18.57166481	17.60300064	14.40184307
20100421	17.27000046	18	16.95000076	17.85000038	97353	16882.40039	18.02000046	18.51000023	18.80150032	18.58966446	17.56650162	14.36816311
20100420	17.47999954	17.87000084	16.79999924	17.31999969	72437	12405.59961	18.28000069	18.66199875	18.81650162	18.62466621	17.534832	14.33556271
20100419	18.5	18.68000031	17.40999985	17.47999954	80102	14376	18.56000137	18.9129982	18.87050247	18.68033028	17.50799751	14.30652237
20100416	18.79000092	18.87000084	18.47999954	18.65999985	34159	6357.700195	18.85400009	19.14299965	18.91150093	18.73366547	17.47766495	14.27644253
20100415	19.10000038	19.23999977	18.70000076	18.79000092	20750	3918.800049	18.98400116	19.23699951	18.89600182	18.73766708	17.43741608	14.24212265
20100414	18.72999954	19.19000053	18.54999924	19.14999962	44088	8361.900391	19	19.25799942	18.875	18.73800087	17.39191437	14.20720196
20100413	19.04999924	19.15999985	18.26000023	18.71999931	41756	7829.100098	19.04400063	19.25600052	18.79750061	18.73266602	17.3421669	14.1711235
20100412	19.37999916	19.43000031	18.80999947	18.95000076	60230	11444.7002	19.26600075	19.25599861	18.73849869	18.74066544	17.29916573	14.13736248
20100409	18.75	19.35000038	18.60000038	19.30999947	54416	10296.5	19.43200111	19.21099854	18.68099976	18.74333382	17.25049973	14.10132217
20100408	19.30999947	19.57999992	18.5	18.87000084	69296	13102.7998	19.49000168	19.1269989	18.62499809	18.71499825	17.20108414	14.06320286
20100407	19.79999924	19.95999908	19.29999924	19.37000084	34829	6836	19.51600075	19.0929985	18.62949753	18.6866684	17.15424919	14.02436256
20100406	19.85000038	20.04999924	19.53000069	19.82999992	48672	9629.700195	19.4679985	18.97100067	18.60599899	18.61200142	17.09658432	13.98288155
20100402	19.68000031	19.95000076	19.60000038	19.78000069	51089	10107.59961	19.24599838	18.82800102	18.56399918	18.53533363	17.0280838	13.94056225
20100401	19	20	18.90999985	19.60000038	85259	16584.30078	18.98999977	18.68000031	18.52900124	18.46266556	16.96008492	13.89744186
20100331	19.14999962	19.27000046	18.97999954	19	18696	3557.399902	18.76399994	18.55500221	18.48800087	18.39133263	16.89900017	13.85296059
20100330	18.86000061	19.20000076	18.60000038	19.12999916	56446	10730.90039	18.67000008	18.49200058	18.47800064	18.32566452	16.84150124	13.81176186
20100329	18.54999924	18.77000046	18.28000069	18.71999931	34873	6476	18.47400093	18.3390007	18.47099876	18.24799728	16.77950096	13.76956272
20100326	18.39999962	18.68000031	18.28000069	18.5	25282	4673.600098	18.40999985	18.22100067	18.48299789	18.16366386	16.7183342	13.72856236
20100325	18.39999962	18.85000038	18.35000038	18.46999931	29451	5484.600098	18.36999893	18.15100098	18.5094986	18.08566475	16.65708351	13.68688202
20100324	18.10000038	18.54999924	18.10000038	18.53000069	20400	3750.399902	18.34600067	18.12299728	18.50899887	18.02266693	16.59225082	13.64428234
20100323	18.40999985	18.53000069	18.10000038	18.14999962	22134	4026.600098	18.31399918	18.16599846	18.48349953	17.9576664	16.53133392	13.60076237
20100322	18.31999969	18.60000038	18.07999992	18.39999962	29952	5480.600098	18.20399857	18.24100113	18.43249893	17.9279995	16.47058296	13.55884361
20100319	18.35000038	18.62999916	18.12999916	18.29999924	26076	4812.399902	18.0320015	18.29999924	18.38899994	17.89533043	16.40916634	13.51552486
20100318	18.39999962	18.79000092	18.23999977	18.35000038	27397	5071.799805	17.93200111	18.37800026	18.35400009	17.8536644	16.34966469	13.47192383
20100317	17.72999954	18.37000084	17.72999954	18.37000084	32274	5838.600098	17.89999962	18.42099953	18.30949974	17.78699684	16.28449821	13.42892361
20100316	17.54999924	17.79000092	17.35000038	17.60000038	13263	2331.5	18.01800156	18.4640007	18.24250031	17.71999741	16.21691513	13.38648319
20100315	17.79999924	18.03000069	17.20000076	17.54000092	30099	5268	18.27800179	18.60300064	18.20249939	17.69333076	16.15816498	13.34736347
20100312	18.34000015	18.34000015	17.68000031	17.79999924	42901	7675.899902	18.56799889	18.74499893	18.13499832	17.67466164	16.09666634	13.3058424
20100311	18.95999908	19.04000092	18.10000038	18.19000053	30493	5627.100098	18.82400131	18.86800003	18.05299759	17.66566277	16.03191566	13.26324177
20100310	18.89999962	19.18000031	18.65999985	18.95999908	48758	9231.799805	18.94199944	18.89499855	17.97249794	17.645998	15.96191502	13.21856213
20100309	19	19.45000076	18.79999924	18.89999962	47869	9154.200195	18.90999985	18.80099869	17.85349655	17.65999794	15.88474941	13.17288303
20100308	19.13999939	19.46999931	18.85000038	18.98999977	52522	10078.5	18.9279995	18.62400055	17.77149773	17.66766357	15.80374813	13.130723
20100305	18.61000061	19.45000076	18.61000061	19.07999992	74888	14432.2998	18.92200089	18.47800064	17.69299889	17.66866493	15.7203331	13.08896255
20100304	18.89999962	19.65999985	18.60000038	18.78000069	85120	16403.90039	18.91199875	18.32999992	17.59149933	17.65299797	15.63799953	13.04772282
20100302	18.98999977	19.29000092	18.60000038	18.79999924	39844	7566.100098	18.84799767	18.19799995	17.46999931	17.64033127	15.56666565	13.00636196
20100301	18.88999939	19.10000038	18.70999908	18.98999977	26303	4992.600098	18.69199944	18.02099991	17.34799957	17.64066505	15.4972496	12.96308231
20100226	19	19.25	18.70000076	18.95999908	46563	8843.200195	18.31999969	17.80199814	17.23849869	17.62333107	15.42649937	12.917243
20100225	18.5	19.32999992	18.45999908	19.03000069	83578	15936.59961	18.0340004	17.52499962	17.13949966	17.5846653	15.35433292	12.87140369
20100224	18	18.64999962	17.79999924	18.45999908	39897	7312.299805	17.74799919	17.23800087	17.0644989	17.55033302	15.28074932	12.8276825
20100223	17.12999916	18.13999939	17.06999969	18.02000046	57508	10148.09961	17.54799843	17.04999924	17.02149963	17.56100082	15.21075058	12.78584194
20100222	17.5	17.5	16.94000053	17.12999916	20283	3499.899902	17.34999847	16.90600014	17.08950043	17.58366585	15.13899899	12.74316216
20100212	17.68000031	17.69000053	17.35000038	17.53000069	22074	3878.199951	17.2840004	16.91900063	17.1894989	17.64599991	15.06750011	12.70400238
20100211	17.46999931	17.62000084	17.35000038	17.60000038	30618	5364	17.01599884	16.90800095	17.26399994	17.69000053	15.0005827	12.6643219
20100210	17.20000076	17.54999924	17	17.45999908	32980	5730.600098	16.72800064	16.85300064	17.3144989	17.73466873	14.93383312	12.62312126
20100209	16.70000076	17.09000015	16.61000061	17.03000069	33406	5637.600098	16.55199814	16.74200058	17.36149979	17.78266716	14.87716579	12.58232212
20100208	16.18000031	16.95000076	16.18000031	16.79999924	45172	7491.399902	16.46199989	16.67500114	17.45049858	17.82166481	14.83099842	12.54060173
20100205	15.89999962	16.5	15.60000038	16.19000053	31856	5156.100098	16.55400085	16.67499924	17.5340004	17.86833382	14.78558159	12.50116253
20100204	16.70000076	16.75	16.10000038	16.15999985	59708	9728.400391	16.79999924	16.75399971	17.61450005	17.92866325	14.74308205	12.46412182
20100203	16.62999916	16.77000046	15.02999973	16.57999992	55920	8969.900391	16.97800064	16.89099884	17.70650101	17.93533516	14.69924927	12.42576313
20100202	17.26000023	17.68000031	16.51000023	16.57999992	36638	6220.200195	16.93200111	16.99300003	17.81650162	17.92566681	14.6519165	12.3855238
20100201	17.42000008	17.65999985	17	17.26000023	37742	6506.600098	16.88800049	17.27299881	17.92250061	17.93666649	14.60925102	12.34416199
20100129	17.05999947	18.18000031	16.79999924	17.42000008	88838	15766.09961	16.79599953	17.46000099	18.0095005	17.90133286	14.5614996	12.29940128
20100128	16.36000061	17.09000015	16.30999947	17.04999924	39702	6689.799805	16.70799828	17.62000084	18.08100128	17.89733124	14.50983334	12.25336266
20100127	16.29999924	16.75	15.90999985	16.35000038	61530	10060.09961	16.80399895	17.77600098	18.17550278	17.92233086	14.46091652	12.20812225
20100126	16.95000076	16.95999908	16.20000076	16.36000061	65440	10779.90039	17.05400085	17.98099899	18.3029995	17.96899986	14.41691685	12.16600132
20100125	16.95999908	17.34000015	16.79000092	16.79999924	64702	11008.59961	17.65800095	18.22599983	18.39500046	18.02300072	14.37049961	12.12384129
20100122	17.20000076	17.60000038	16.92000008	16.97999954	88034	15142.59961	18.12399864	18.39299965	18.46500015	18.05399895	14.32199955	12.08000088
20100121	17.79999924	18.09000015	17.14999962	17.53000069	79797	13956.7998	18.53199959	18.47500229	18.51599884	18.07966805	14.27674961	12.03431988
20100120	19.37999916	19.40999985	17.44000053	17.60000038	167092	30771.30078	18.74799919	18.52200127	18.45750046	18.08166504	14.22783184	11.98652077
20100119	19.12999916	19.48999977	18.98999977	19.37999916	60680	11701.5	18.90800095	18.6400013	18.3920002	18.08833122	14.17741585	11.9377203
20100118	19.10000038	19.26000023	18.97999954	19.12999916	56159	10744.7002	18.79399872	18.5720005	18.26849747	18.03566742	14.11024952	11.88140106
20100115	18.81999969	19.12000084	18.45000076	19.02000046	62035	11724.09961	18.66199875	18.55900002	18.12199783	17.96800041	14.04583263	11.82712078
20100114	18.31999969	18.76000023	18.29999924	18.61000061	71478	13248.7998	18.41799927	18.54199982	18.0359993	17.92433548	13.98049927	11.77296162
20100113	18.54000092	18.87000084	18.29999924	18.39999962	60852	11288	18.29599953	18.57500076	17.99549866	17.89700127	13.92541504	11.71972179
20100112	18.29999924	19.04999924	18.14999962	18.80999947	44840	8376.599609	18.37199783	18.625	17.96300125	17.85700035	13.87074757	11.66612244
20100111	18.01000023	18.52000046	17.39999962	18.46999931	62252	11198.2998	18.35000038	18.56399918	17.92149925	17.78500175	13.81491375	11.61084175
20100108	17.53000069	17.95000076	17.5	17.79999924	45782	8099.200195	18.45599937	18.53700066	17.8844986	17.68966675	13.76433086	11.5573616
20100107	18.79000092	18.87999916	17.95000076	18	90633	16559.40039	18.66600037	18.55699921	17.88199997	17.63233185	13.71932983	11.50704098
20100106	18.52000046	19.29999924	18.48999977	18.78000069	85667	16249.09961	18.85400009	18.39300156	17.86150169	17.59866905	13.66766357	11.4566412
20100105	18.98999977	18.98999977	18.39999962	18.70000076	71253	13274.7002	18.87800026	18.14400101	17.81250191	17.51266861	13.60791397	11.40284157
20100104	18.98999977	19.5	18.92000008	19	59539	11451.5	18.77799988	17.96500015	17.76749992	17.45200157	13.54858112	11.34956169
20091231	18.94000053	19.04999924	18.71999931	18.85000038	39460	7435.799805	18.61800003	17.68500137	17.67250061	17.3793354	13.48424816	11.29696178
20091230	18.85000038	19.06999969	18.51000023	18.94000053	81548	15318.59961	18.44800186	17.52999878	17.6155014	17.28333282	13.42191505	11.2455616
20091229	18.20000076	19.27000046	18.20000076	18.89999962	109687	20692.90039	17.93200111	17.41599846	17.55800056	17.18566895	13.35808182	11.19280148
20091228	18.20000076	18.36000061	18.01000023	18.20000076	54486	9897.599609	17.40999985	17.3010006	17.47300148	17.08866692	13.29574871	11.14000225
20091225	18.25	18.35000038	17.71999931	18.20000076	91368	16473.90039	17.15199852	17.27899933	17.39550209	17.02133369	13.24183273	11.09004307
20091224	16.37999916	18	16.37999916	18	151564	26582.19922	16.75200081	17.23199844	17.26600075	16.94466591	13.18758202	11.03984261
20091223	16.22999954	16.39999962	16.10000038	16.36000061	31945	5180.600098	16.61199951	17.20699883	17.16999817	16.87799835	13.12908268	10.9901619
20091222	16.89999962	16.89999962	16.14999962	16.29000092	62757	10328.90039	16.89999962	17.33000183	17.20149994	16.83633232	13.0824995	10.94860268
20091221	16.20000076	16.93000031	16.20000076	16.90999985	61336	10101.09961	17.19200134	17.48099899	17.1970005	16.81333351	13.03833199	10.90764236
20091218	17.01000023	17.29000092	16.07999992	16.20000076	64545	10695.2998	17.40600014	17.56999969	17.19549942	16.76633263	12.98983192	10.8637228
20091217	17.79000092	17.88999939	17.18000031	17.29999924	48514	8459.599609	17.71199989	17.65999985	17.22649956	16.74900055	12.94574928	10.82368374
20091216	17.77000046	18.25	17.70000076	17.79999924	59842	10763	17.80199814	17.70100021	17.15999985	16.68966484	12.89224815	10.77724361
20091215	17.89999962	18.05999947	17.61000061	17.75	44925	8015.799805	17.76000023	17.69999886	17.07049942	16.62266731	12.83624744	10.72772408
20091214	17.70000076	17.97999954	16.95999908	17.97999954	69269	12106.40039	17.76999855	17.64500046	16.98250008	16.56800079	12.78041458	10.67832279
20091211	17.61000061	18.01000023	17.61000061	17.72999954	55637	9937.5	17.73399925	17.51199913	16.89249802	16.50033188	12.72391415	10.62660313
20091210	17.77000046	18.03000069	17.5	17.75	38813	6871.5	17.6079998	17.29999924	16.80099869	16.41266632	12.66824722	10.57508373
20091209	17.57999992	18.06999969	17.38999939	17.59000015	58697	10382	17.60000038	17.13299942	16.71349716	16.31433296	12.61349773	10.52256393
20091208	17.89999962	18.06999969	17.62999916	17.79999924	67051	11954.40039	17.63999939	17.07300186	16.58949852	16.2159996	12.55991459	10.47180367
20091207	17.03000069	17.95000076	17.03000069	17.79999924	109165	19347.59961	17.52000046	16.91300201	16.47949982	16.10599899	12.50499821	10.42032433
20091204	17.51000023	17.72999954	16.70999908	17.10000038	137051	23563.59961	17.28999901	16.82099915	16.36450005	15.98066711	12.45449734	10.36900425
20091203	17.79999924	17.80999947	17.35000038	17.70999908	94260	16583.5	16.99200058	16.79299927	16.2935009	15.87899971	12.4092474	10.32156372
20091202	17.60000038	17.88999939	17.32999992	17.79000092	144932	25515.09961	16.66599846	16.61899948	16.18400002	15.75866699	12.35691547	10.27232456
20091201	16.70000076	17.23999977	16.5	17.20000076	82783	14055.7998	16.50600052	16.44099808	16.08399963	15.62699986	12.30549908	10.2230444
20091130	15.69999981	16.71999931	15.69999981	16.64999962	99396	16223.5	16.30600166	16.31999779	16.02949905	15.51466656	12.25916576	10.17456341
20091127	15.89999962	16.23999977	15.39999962	15.60999966	90587	14357.59961	16.35200119	16.27300072	15.99449921	15.40399837	12.21916485	10.13052368
20091126	16.98999977	17.35000038	15.97999954	16.07999992	104716	17424.80078	16.59399986	16.30200005	15.96899986	15.322999	12.19141579	10.08984375
20091125	16.10000038	17.10000038	16.01000023	16.98999977	94257	15555	16.5719986	16.29400063	15.90500069	15.23900032	12.15891552	10.0460844
20091124	16.96999931	17.29000092	16	16.20000076	145574	24496.40039	16.37600136	16.10599899	15.78750134	15.10966682	12.11824989	9.996803284
20091123	16.85000038	17.54999924	16.79999924	16.87999916	152315	26214.69922	16.33399963	16.04600143	15.7025013	15.01566601	12.08375072	9.949923515
20091120	16.02000046	16.95000076	15.80000019	16.81999969	153672	25442.69922	16.19400024	15.90799904	15.5605011	14.89466572	12.05474949	9.901003838
20091119	16	16.10000038	15.85000038	15.97000027	60615	9678.099609	16.01000023	15.79400063	15.42199993	14.74899864	12.02766609	9.850963593
20091118	15.89999962	16.20000076	15.80000019	16.01000023	83153	13267.5	16.01600075	15.74900055	15.32850075	14.60366631	12.00333309	9.803883553
20091117	16.28000069	16.28000069	15.53999996	15.98999977	120590	19164.80078	15.83600044	15.72700024	15.21999931	14.45733261	11.9750824	9.756923676
20091116	16.05999947	16.39999962	15.80000019	16.18000031	101054	16386	15.75800037	15.73900127	15.11200142	14.33333302	11.95266628	9.709604263
20091113	15.86999989	16.06999969	15.52999973	15.89999962	73752	11627.7002	15.62199974	15.71600056	14.96949959	14.19733238	11.92866516	9.661765099
20091112	15.18999958	16.27000046	15.14999962	16	151833	23959.59961	15.57800007	15.63599968	14.83349895	14.05700016	11.90866566	9.614804268
20091111	15.46000004	15.56000042	15.02999973	15.10999966	113844	17275.59961	15.48200035	15.51600075	14.71150017	13.90299988	11.88033199	9.56820488
20091110	15.47999954	16.12000084	15.47999954	15.60000038	93643	14787.59961	15.61800098	15.46899986	14.61150074	13.77100086	11.85499859	9.52512455
20091109	15.64999962	15.68000031	15.39999962	15.5	56302	8720.900391	15.72000122	15.35899925	14.50049877	13.60733414	11.82541466	9.481043816
20091106	15.56000042	15.75	15.43000031	15.68000031	76534	11931.5	15.81000042	15.2130003	14.38799858	13.46466637	11.79508305	9.436883926
20091105	15.78999996	15.96000004	15.01000023	15.52000046	130068	20173.40039	15.69400024	15.05000019	14.22649956	13.30400181	11.76549911	9.394004822
20091104	16.05999947	16.07999992	15.69999981	15.78999996	78113	12363.09961	15.55000019	14.90799999	14.03100109	13.15433407	11.73408127	9.352045059
20091103	16	16.39999962	15.61999989	16.11000061	163133	26032.40039	15.3200016	14.7130003	13.82250023	13	11.70033169	9.308884621
20091102	14.89999962	15.97999954	14.88000011	15.94999981	137721	21338.80078	14.99799919	14.48500061	13.63050079	12.81400013	11.66191483	9.265324593
20091030	14.88000011	15.39000034	14.64000034	15.10000038	127436	19177.40039	14.61600018	14.22300148	13.43800068	12.62433338	11.62358284	9.222564697
20091029	14.31000042	15.10000038	14.31000042	14.80000019	127873	18912.90039	14.40600014	14.03100014	13.26749992	12.47266674	11.58816624	9.182564735
20091028	14.55000019	14.93000031	14.32999992	14.64000034	125021	18313.90039	14.26600075	13.90700054	13.09650135	12.31799889	11.55233383	9.143363953
20091027	13.97999954	14.69999981	13.71000004	14.5	167679	24106.30078	14.10599995	13.75400066	12.92199993	12.16433334	11.51383305	9.10660553
20091026	13.94999981	14.19999981	13.81000042	14.03999996	93554	13080.5	13.97200012	13.6420002	12.73150063	12.0073328	11.47549915	9.071004868
20091023	14.10000038	14.25	13.80000019	14.05000019	106639	14915.7998	13.82999992	13.56300068	12.59050083	11.86266518	11.44583225	9.038244247
20091022	13.72999954	14.15999985	13.5	14.10000038	129310	17923.30078	13.65600014	13.40300179	12.43100166	11.70033169	11.41858196	9.004924774
20091021	13.93999958	14.14999962	13.71000004	13.84000015	111949	15653.7998	13.54800129	13.15400124	12.27750111	11.52966499	11.3878336	8.972964287
20091020	13.39999962	14.09000015	13.39999962	13.82999992	132948	18396.69922	13.40200043	12.93199921	12.14349937	11.37499905	11.36316586	8.942803383
20091019	13.31999969	13.64999962	13.19999981	13.32999992	117046	15725	13.31199932	12.77600002	11.97849941	11.25466633	11.34208393	8.913403511
20091016	13.5	13.68000031	12.97000027	13.18000031	126058	16647.5	13.29600048	12.65299988	11.82499981	11.15933323	11.33099937	8.886241913
20091015	13.31999969	13.78999996	13.11999989	13.56000042	136612	18379.69922	13.14999962	12.50399971	11.69350052	11.07000065	11.31866646	8.861002922
20091014	13.27999973	13.56000042	13.02999973	13.10999966	149776	19857.19922	12.76000023	12.2859993	11.52350044	10.96133327	11.30649948	8.833442688
20091013	13.05000019	13.44999981	13	13.38000011	131457	17424.59961	12.46199989	12.0899992	11.36950111	10.86433315	11.28891563	8.807002068
20091012	12.57999992	13.69999981	12.39999962	13.25	237001	31004.09961	12.23999977	11.8210001	11.19000053	10.75366592	11.26400089	8.779123306
20091009	11.89999962	12.68999958	11.69999981	12.44999981	140355	17220.80078	12.01000023	11.61800003	11.01249981	10.62566662	11.2369175	8.753442764
20090930	11.55000019	12.07999992	11.55000019	11.60999966	83756	9901.900391	11.8579998	11.45900059	10.84900093	10.49566555	11.21400166	8.729522705
20090929	11.68000031	11.93000031	11.27000046	11.61999989	109026	12702.09961	11.81199932	11.40100002	10.71750069	10.42533302	11.20108414	8.706602097
20090925	12	12.5	11.80000019	12.27000046	257866	31633.09961	11.71800041	11.3550005	10.59650135	10.35766697	11.18725109	8.685042381
20090924	11.51000023	12.10000038	11.28999996	12.10000038	302579	35920.69922	11.40200043	11.18099976	10.49400139	10.3039999	11.16900158	8.661161423
20090923	11.5	11.85999966	11.39999962	11.68999958	260726	30476.5	11.22599983	10.99699974	10.41250038	10.28366566	11.15200138	8.637481689
20090922	11.19999981	11.76000023	11.10000038	11.38000011	221597	25637.19922	11.05999947	10.88300037	10.35300064	10.27233315	11.13900185	8.615120888
20090921	10.64999962	11.25	10.57999992	11.14999962	116325	12734.5	10.98999977	10.76099968	10.29899979	10.26266575	11.12983418	8.594841957
20090918	11.19999981	11.28999996	10.60000038	10.68999958	125333	13770.7998	10.99199963	10.64900017	10.25150013	10.25433254	11.11975002	8.575681686
20090917	10.93000031	11.34000015	10.80000019	11.22000027	101927	11412.09961	10.96000004	10.55900002	10.22000027	10.26133251	11.11216736	8.557601929
20090916	10.97000027	10.98999977	10.60000038	10.85999966	78652	8516	10.76799965	10.40699959	10.12949944	10.26933289	11.09500122	8.540162086
20090915	11.18000031	11.19999981	10.85999966	11.02999973	112530	12406.59961	10.70599937	10.23900032	10.01399994	10.29166698	11.0795002	8.524201393
20090914	10.80000019	11.27999973	10.80000019	11.15999985	151556	16860.69922	10.53199959	10.03399944	9.9375	10.29800034	11.0646677	8.507322311
20090911	10.27000046	10.75	10.21000004	10.52999973	98933	10448	10.30599976	9.838000298	9.858999252	10.298666	11.0466671	8.489480972
20090910	10.56999969	10.57999992	10.25	10.26000023	70133	7258.799805	10.15799999	9.807001114	9.865499496	10.31666756	11.02958393	8.474481583
20090909	10.14999962	10.60999966	10.02999973	10.55000019	133836	13929.40039	10.04599953	9.828000069	9.927000046	10.33433342	11.01658344	8.460042
20090908	10	10.30000019	9.829999924	10.15999985	67236	6798.200195	9.772000313	9.822999954	9.967000008	10.34866714	11.00016689	8.443841934
20090907	9.800000191	10.32999992	9.800000191	10.02999973	80258	8055.200195	9.536000252	9.836999893	10.01349926	10.39500141	10.98608398	8.428042412
20090904	9.699999809	10.02000046	9.649999619	9.789999962	62933	6189	9.370000839	9.854000092	10.05699921	10.4493351	10.96983337	8.412482262
20090903	9.180000305	9.800000191	9.180000305	9.699999809	68207	6519.299805	9.456000328	9.881000519	10.11249924	10.50800037	10.95341587	8.398322105
20090902	8.979999542	9.270000458	8.899999619	9.180000305	42465	3868.699951	9.609999657	9.851999283	10.20050049	10.56200027	10.93633461	8.384362221
20090901	9.079999924	9.449999809	8.800000191	8.979999542	79298	7190.100098	9.874000549	9.788999557	10.31799984	10.63600063	10.92375088	8.373282433
20090831	10.14999962	10.14999962	9.199999809	9.199999809	82984	7928.299805	10.13800049	9.841000557	10.43000031	10.70933437	10.91200161	8.364602089
20090828	10.35999966	10.67000008	9.909999847	10.22000027	85733	8745.299805	10.3380003	9.880000114	10.52900028	10.80266666	10.89700127	8.352683067
20090827	10.5	10.82999992	10.34000015	10.47000027	78817	8333.400391	10.30600071	9.92400074	10.57150078	10.85666561	10.87516785	8.33628273
20090826	10.18999958	10.71000004	10.05000019	10.5	103755	10887.59961	10.09399986	10.02599907	10.58749962	10.91133308	10.85258484	8.321242332
20090825	10.18000031	10.35000038	9.819999695	10.30000019	109344	11024.09961	9.704000473	10.11100006	10.61150074	10.9746666	10.83025169	8.306201935
20090824	9.949999809	10.35000038	9.710000038	10.19999981	118193	11791.40039	9.544000626	10.18999958	10.67400074	11.04466629	10.80408573	8.29196167
20090821	9.5	10.18999958	9.420000076	10.06000042	225073	22248.40039	9.421999931	10.26000023	10.74700069	11.09799767	10.77866936	8.278521538
20090820	8.699999809	9.409999847	8.699999809	9.409999847	178833	16678.80078	9.541999817	10.34399986	10.82150078	11.14966679	10.753335	8.265361786
20090819	9.460000038	9.550000191	8.550000191	8.550000191	97440	8733.400391	9.957999229	10.54900074	10.91699982	11.22200012	10.73775101	8.25780201
20090818	9.350000381	9.619999886	9.119999886	9.5	69122	6472.899902	10.51799965	10.84700012	11.05949974	11.31300068	10.73616695	8.25684166
20090817	10.39999962	10.40999985	9.590000153	9.590000153	125765	12395.7998	10.83600044	11.01900005	11.14350033	11.37533283	10.7282505	8.252601624
20090814	11.51000023	11.60000038	10.65999985	10.65999985	134389	14891.5	11.09800053	11.1779995	11.26399994	11.43166637	10.72141743	8.247441292
20090813	11.43999958	11.75	11.18000031	11.48999977	188618	21733.19922	11.14599895	11.21899986	11.32299995	11.45699978	10.70291615	8.237921715
20090812	11.32999992	11.90999985	11.27999973	11.35000038	320488	37241.19922	11.1400013	11.14900017	11.35400009	11.4649992	10.67366695	8.226682663
20090811	10.92000008	11.14999962	10.80000019	11.09000015	88135	9678.5	11.1760006	11.11200142	11.40649986	11.47633266	10.64183426	8.214921951
20090810	11.02000046	11.05000019	10.69999981	10.89999962	101796	11097.90039	11.20200062	11.15799999	11.47199917	11.47266674	10.61191845	8.205401421
20090807	11.40999985	11.52999973	10.80000019	10.89999962	148109	16670.5	11.25800037	11.23399925	11.51699924	11.4683342	10.58858395	8.196762085
20090806	11.52999973	11.69999981	11.31000042	11.46000004	156538	17978.59961	11.29199982	11.29899979	11.55249977	11.4713335	10.56441689	8.190081596
20090805	11.21000004	11.64000034	11.14999962	11.52999973	151103	17268.40039	11.15799999	11.28499985	11.55850029	11.45899963	10.53016758	8.180401802
20090804	11.23999977	11.31999969	10.97999954	11.22000027	108160	12027.7002	11.04800034	11.27200031	11.54600048	11.43833351	10.4952507	8.171681404
20090803	11.06000042	11.18999958	10.97999954	11.18000031	140368	15543	11.11400032	11.26799965	11.55350018	11.42700005	10.46516705	8.163162231
20090731	10.82999992	11.11999989	10.78999996	11.06999969	111639	12171.7002	11.21000004	11.35000038	11.55850029	11.423666	10.43283272	8.155442238
20090730	11	11.25	10.52000046	10.78999996	116868	12615	11.30599976	11.42700005	11.57600117	11.42299938	10.40108395	8.148442268
20090729	11.57999992	11.89999962	10.51000023	10.97999954	170793	19590.80078	11.4119997	11.55900002	11.62300014	11.43666458	10.36616707	8.140481949
20090728	11.60000038	11.65999985	11.39000034	11.55000019	103364	11917.2998	11.49600029	11.70100117	11.65850067	11.43899822	10.33250141	8.129081726
20090727	11.55000019	11.77000046	11.28999996	11.65999985	155367	17866.69922	11.42199993	11.78600025	11.63000107	11.42666435	10.29400063	8.115441322
20090724	11.30000019	11.65999985	11.15999985	11.55000019	150870	17346.59961	11.48999977	11.80000114	11.58550072	11.40999794	10.25158405	8.103880882
20090723	11.32999992	11.38000011	11.13000011	11.31999969	92784	10448.09961	11.54799938	11.80600071	11.55749989	11.39866543	10.20966721	8.09512043
20090722	11.30000019	11.44999981	11.10000038	11.39999962	138227	15618.59961	11.70599937	11.83200073	11.54599953	11.41266441	10.1673336	8.08644104
20090721	12	12	11.10000038	11.18000031	166619	19246.5	11.90600014	11.82000065	11.52149963	11.42166424	10.12291527	8.078280449
20090720	11.85000038	12.09000015	11.85000038	12	96391	11532.2998	12.14999962	11.83899975	11.50650024	11.42999744	10.07899857	8.072720528
20090717	12	12.10999966	11.76000023	11.84000015	120204	14291.2998	12.10999966	11.76700115	11.46049881	11.41733074	10.02683163	8.061840057
20090716	12.43000031	12.51000023	12.10000038	12.10999966	93175	11386.2002	12.06400013	11.72500038	11.42099953	11.41066456	9.976666451	8.050800323
20090715	12.57999992	12.60000038	12.21000004	12.39999962	115674	14333.40039	11.95800018	11.68700027	11.37549877	11.40199757	9.924249649	8.03536129
20090714	11.81000042	12.52000046	11.81000042	12.39999962	232900	28609.19922	11.73399925	11.61600018	11.30799866	11.39799881	9.86958313	8.019680023
20090713	11.60999966	11.89999962	11.51000023	11.80000019	128554	15138.7002	11.52799988	11.47400093	11.24699879	11.39066601	9.812582016	8.00232029
20090710	11.60999966	11.77999973	11.5	11.60999966	108956	12687.5	11.42400074	11.37100029	11.21499825	11.40100002	9.76074791	7.987120152
20090709	11.27999973	11.71000004	11.18000031	11.57999992	105422	12074.5	11.38599968	11.30900002	11.19499874	11.41600132	9.70899868	7.975039959
20090708	11.30000019	11.40999985	11.10000038	11.27999973	78637	8816.599609	11.41599941	11.26000023	11.20300007	11.47666836	9.656665802	7.962760448
20090707	11.27000046	11.56999969	11.23999977	11.36999989	75837	8655.799805	11.49799919	11.22300053	11.22249985	11.55300045	9.608998299	7.955440044
20090706	11.39999962	11.60000038	11.23999977	11.27999973	83894	9540.400391	11.42000008	11.17400074	11.22550011	11.60900211	9.559915543	7.948120117
20090703	11.68000031	11.68000031	11.39999962	11.42000008	87528	10056.5	11.31799889	11.15399933	11.24250031	11.6536684	9.510082245	7.938999653
20090702	11.68000031	11.98999977	11.43999958	11.72999954	150675	17663.40039	11.2319994	11.11699963	11.25349998	11.71633434	9.456582069	7.927479267
20090701	10.94999981	11.86999989	10.84000015	11.68999958	227670	26017.09961	11.10399914	11.06400013	11.2595005	11.76866627	9.400415421	7.914439678
20090630	10.80000019	11.09000015	10.60999966	10.97999954	119656	12959.09961	10.94799995	10.99999809	11.28900051	11.82899952	9.345499039	7.900359154
20090629	10.97999954	11	10.75	10.77000046	75226	8133.600098	10.92800045	11.01999855	11.34900093	11.88299942	9.297498703	7.892759323
20090626	11.14000034	11.18999958	10.86999989	10.98999977	68636	7545.799805	10.98999977	11.05899906	11.41600132	11.92633247	9.252748489	7.882678986
20090625	10.89999962	11.14999962	10.85999966	11.09000015	109198	12045.7998	11.00200081	11.08099937	11.46950054	11.96166611	9.205582619	7.872078896
20090624	10.88000011	10.94999981	10.60000038	10.90999985	107087	11518.5	11.02400017	11.14600086	11.58500099	11.9873333	9.157999992	7.862598896
20090623	10.94999981	11.03999996	10.73999977	10.88000011	111401	12099.7998	11.05200005	11.22200012	11.71800041	12.02799988	9.115833282	7.856199265
20090622	11.14999962	11.14999962	10.96000004	11.07999992	71037	7852.799805	11.11199951	11.27700043	11.82650185	12.05700016	9.075166702	7.853238583
20090619	11.25	11.27999973	11	11.05000019	90504	10041.7998	11.12800026	11.33100033	11.90350151	12.07899952	9.030750275	7.853999138
20090618	11.05000019	11.27999973	11	11.19999981	103552	11542.90039	11.15999985	11.39000034	12.01600075	12.09399986	8.986166	7.854598999
20090617	11.09000015	11.17000008	10.81000042	11.05000019	96095	10573.2002	11.26799965	11.45499992	12.12100124	12.09899998	8.94041729	7.854918957
20090616	11.10000038	11.30000019	10.96000004	11.18000031	68544	7597.799805	11.3920002	11.57799911	12.24350166	12.09233284	8.895417213	7.857679367
20090615	11.28999996	11.28999996	10.96000004	11.15999985	62614	6953.100098	11.44199944	11.6779995	12.31450081	12.06966782	8.848750114	7.861557961
20090612	11.73999977	11.73999977	11.10999966	11.21000004	104674	11871.2998	11.53399944	11.77299976	12.36000156	12.03166676	8.805500031	7.865077972
20090611	11.77999973	11.94999981	11.63000011	11.73999977	99695	11742.09961	11.61999989	11.8579998	12.40200043	11.98799992	8.762500763	7.867798328
20090610	11.40999985	11.75	11.39000034	11.67000008	103158	11954.40039	11.6420002	12.02400017	12.40800095	11.94599915	8.714083672	7.869958401
20090609	11.52999973	11.72999954	11.06999969	11.43000031	94366	10722.09961	11.76399994	12.21399975	12.43100166	11.91633224	8.668416977	7.869918346
20090608	11.64999962	11.77999973	11.5	11.61999989	75001	8756.400391	11.91399956	12.37599945	12.4470005	11.88233376	8.620584488	7.869798183
20090605	11.89999962	11.92000008	11.39999962	11.64000034	182787	21210.09961	12.01199913	12.47599983	12.45300102	11.85766697	8.568917274	7.872038364
20090604	12.30000019	12.34000015	11.67000008	11.85000038	208680	24850.90039	12.09599876	12.6420002	12.44600105	11.84633255	8.516917229	7.875998497
20090603	12.31999969	12.5	12.22000027	12.27999973	180106	22256.09961	12.40600014	12.7869997	12.42100048	11.85133266	8.460249901	7.881398201
20090602	12.18000031	12.5	12.05000019	12.18000031	157037	19282.40039	12.66399956	12.90899944	12.3494997	11.83199978	8.398333549	7.884638309
20090601	12.06000042	12.42000008	11.80000019	12.10999966	207365	25069.69922	12.83799934	12.95099926	12.26550102	11.82933235	8.33533287	7.891918182
20090527	12.80000019	12.80000019	11.85000038	12.06000042	308064	37814.19922	12.93999958	12.9470005	12.16100025	11.79233265	8.275250435	7.899958134
20090526	13.77999973	13.98999977	13.30000019	13.39999962	242371	33085.19922	13.18800068	12.94600105	12.0529995	11.73666573	8.215833664	7.909757614
20090525	12.72999954	13.60000038	12.27999973	13.56999969	170505	22161.40039	13.16799927	12.79200172	11.90699959	11.62333298	8.145583153	7.914998055
20090522	12.80000019	13.18000031	12.52000046	13.05000019	201866	25899.19922	13.15399933	12.64800072	11.76749992	11.49433327	8.076167107	7.917478085
20090521	13.31000042	13.47000027	12.52999973	12.61999989	190355	24398.90039	13.06400013	12.5180006	11.63550091	11.39466667	8.01241684	7.925237656
20090520	13.35000038	13.5	13.10999966	13.30000019	134680	17923.90039	12.95399952	12.43000031	11.54850197	11.30599976	7.952833652	7.933477879
20090519	13.60999966	13.82999992	13.14999962	13.30000019	215671	28842.5	12.70400047	12.25	11.44850063	11.19866657	7.884333134	7.938477516
20090518	12.47999954	13.53999996	12.47999954	13.5	269271	35174.30078	12.41600037	12.05500031	11.38350105	11.09066677	7.820500374	7.941077709
20090515	12.10000038	12.85000038	12.10000038	12.60000038	188934	23752.30078	12.1420002	11.78999996	11.2935009	10.97833347	7.753333569	7.943477631
20090514	11.84000015	12.14999962	11.84000015	12.06999969	88902	10671.2002	11.97200012	11.57999992	11.26850128	10.90100002	7.691167355	7.949598789
20090513	12.19999981	12.47000027	11.88000011	12.05000019	159603	19420.09961	11.90600014	11.375	11.21500111	10.82999897	7.629500389	7.95723772
20090511	12.21000004	12.5	11.80000019	11.85999966	205139	24738.40039	11.79599953	11.15999985	11.13200092	10.75433254	7.56641674	7.962277889
20090508	11.69999981	12.39000034	11.56999969	12.13000011	235608	28565.40039	11.69400024	11.02199936	11.03900051	10.66433334	7.506333828	7.966837406
20090507	11.98999977	12	11.38000011	11.75	162489	18942.80078	11.43800068	10.88699913	10.9175005	10.55999947	7.441167355	7.971797466
20090506	11.5	11.97000027	11.39000034	11.73999977	179602	21107.90039	11.18800068	10.75300026	10.83300018	10.47666645	7.378250599	7.977477551
20090505	11.46000004	11.67000008	11.27999973	11.5	191993	22000.19922	10.84399986	10.66699982	10.74400043	10.38533306	7.316000938	7.978397369
20090504	10.90999985	11.44999981	10.90999985	11.35000038	214637	24266.19922	10.52400017	10.64700031	10.67300034	10.28466702	7.254834175	7.975917816
20090430	10.60000038	10.92000008	10.42000008	10.85000038	117826	12645.5	10.35000038	10.71199989	10.60849953	10.19633293	7.195417881	7.976878166
20090429	10.02000046	10.64000034	10	10.5	123944	12896.5	10.33600044	10.79699993	10.57250023	10.1206665	7.139667988	7.979477882
20090428	9.850000381	10.11999989	9.819999695	10.02000046	73122	7304.600098	10.31799984	10.95699883	10.5614996	10.0529995	7.08841753	7.986678123
20090427	10.22999954	10.35000038	9.800000191	9.899999619	233816	23383.90039	10.48999977	11.05499935	10.55749989	9.988333702	7.04108429	8.001197815
20090424	10.61999989	10.86999989	10.44999981	10.47999954	106949	11363.5	10.7699995	11.10399914	10.55150032	9.919000626	6.996750832	8.017558098
20090423	10.30000019	10.89999962	10.09000015	10.77999973	191600	20015.09961	11.0739994	11.05599976	10.48550034	9.824666977	6.946584225	8.030838013
20090422	10.89999962	11.31999969	10.18000031	10.40999985	202804	21925.30078	11.25800037	10.94799995	10.39650059	9.720999718	6.898083687	8.04723835
20090421	11.14999962	11.28999996	10.63000011	10.88000011	257057	28125.90039	11.59599972	10.91300011	10.33850002	9.626333237	6.853250504	8.064599037
20090420	11.5	11.71000004	10.89999962	11.30000019	450484	50971.19922	11.61999989	10.8210001	10.24450016	9.510333061	6.804250717	8.078278542
20090417	11.73999977	12.19999981	11.56000042	12	307835	36650.89844	11.43799973	10.6989994	10.10349941	9.387000084	6.753583908	8.095398903
20090416	12.14999962	12.19999981	11.51000023	11.69999981	298965	35209.69922	11.03800011	10.50499916	9.938499451	9.245667458	6.697416782	8.107598305
20090415	11.09000015	12.10000038	11.09000015	12.10000038	461844	53359.5	10.63800049	10.34800053	9.782499313	9.116333961	6.642416954	8.116838455
20090414	10.32999992	11.17000008	10.31000042	11	340603	37053.69922	10.2300005	10.16600037	9.600999832	8.951666832	6.583250523	8.123518944
20090413	10	10.56000042	9.949999809	10.39000034	281160	28782.19922	10.02200031	10.05999947	9.454999924	8.82333374	6.537000656	8.140719414
20090410	9.699999809	10.07999992	9.470000267	10	219873	21632.80078	9.960000992	9.998999596	9.326499939	8.711000443	6.497083664	8.167159081
20090409	10.06000042	10.07999992	9.279999733	9.699999809	206903	20020.09961	9.972000122	9.914999008	9.209000587	8.629000664	6.462500095	8.196759224
20090408	9.949999809	10.15999985	9.890000343	10.06000042	205286	20581.5	10.05800056	9.844999313	9.107500076	8.584334373	6.429333687	8.227118492
20090407	10	10.23999977	9.819999695	9.960000038	140731	14045.90039	10.10200024	9.763998985	8.983000755	8.533999443	6.396416664	8.259598732
20090403	10.06999969	10.30000019	9.649999619	10.07999992	355060	35277.19922	10.09799957	9.667999268	8.855000496	8.494333267	6.365916729	8.29047966
20090402	10.11999989	10.34000015	9.899999619	10.06000042	319994	32331.30078	10.03800011	9.50799942	8.7310009	8.439666748	6.335916519	8.32007885
20090401	10.32999992	10.84000015	10.10999966	10.13000011	404613	42431.10156	9.857999802	9.371999741	8.616000175	8.370333672	6.306582928	8.353318214
20090331	9.800000191	10.40999985	9.600000381	10.27999973	257799	25933.19922	9.631999016	9.217000008	8.500500679	8.283666611	6.279416561	8.386239052
20090330	9.850000381	10.10000038	9.600000381	9.93999958	263283	26078	9.425999641	9.036000252	8.344500542	8.190999985	6.249332905	8.415358543
20090327	9.100000381	9.970000267	9.050000191	9.779999733	233370	21981.09961	9.237999916	8.850000381	8.204999924	8.129666328	6.220665932	8.445598602
20090326	8.920000076	9.260000229	8.609999657	9.159999847	184166	16483.69922	8.977999687	8.653999329	8.067000389	8.070333481	6.19258213	8.481678963
20090325	9.210000038	9.479999542	8.970000267	9	159705	14673.5	8.88599968	8.503000259	7.986000061	8.010000229	6.173165798	8.522240639
20090324	9.18999958	9.590000153	9.050000191	9.25	156489	14606.2998	8.802000046	8.369999886	7.953999996	7.954666615	6.152082443	8.562839508
20090323	8.569999695	9.130000114	8.520000458	9	140053	12412.7002	8.645999908	8.202000618	7.918999672	7.900000095	6.123999596	8.604239464
20090320	8.729999542	8.779999733	8.399999619	8.479999542	101923	8699.400391	8.461999893	8.041999817	7.90749979	7.843333244	6.100915909	8.649839401
20090319	8.569999695	8.819999695	8.5	8.699999809	110854	9664.700195	8.329999924	7.953999996	7.905499935	7.802667141	6.082749367	8.695879936
20090318	8.470000267	8.859999657	8.380000114	8.579999924	157609	13556.5	8.119999886	7.86000061	7.869500637	7.732666969	6.061749935	8.747559547
20090317	8.109999657	8.600000381	7.949999809	8.470000267	174889	14482.2002	7.937999725	7.784000397	7.817000389	7.67800045	6.041082859	8.803238869
20090316	7.940000057	8.090000153	7.699999809	8.079999924	99428	7901	7.758000374	7.653000832	7.768500328	7.6266675	6.02308321	8.860640526
20090313	7.739999771	7.909999847	7.639999866	7.820000172	99653	7778	7.622000217	7.559999943	7.769499779	7.576333523	6.008749008	8.918840408
20090312	7.650000095	7.739999771	7.400000095	7.650000095	71449	5408.799805	7.578000069	7.480000496	7.778500557	7.532999992	5.994999409	8.981521606
20090311	7.75	7.929999828	7.590000153	7.670000076	98227	7616.100098	7.599999905	7.468999386	7.763500214	7.486000061	5.988415718	9.042161942
20090310	7.400000095	7.579999924	7.329999924	7.570000172	55620	4158.200195	7.630000114	7.53799963	7.747000217	7.432666302	5.981749058	9.102402687
20090309	7.679999828	7.860000134	7.349999905	7.400000095	105186	8048.899902	7.548000336	7.636000156	7.748999596	7.377333164	5.975416183	9.161203384
20090306	7.559999943	7.730000019	7.519999981	7.599999905	81944	6251.799805	7.497999668	7.77300024	7.744000435	7.322000027	5.969582558	9.2158041
20090305	7.880000114	7.96999979	7.5	7.760000229	193851	15089.7002	7.381999969	7.857000828	7.727000237	7.262666702	5.962749004	9.272563934
20090304	7.289999962	7.869999886	7.260000229	7.820000172	176329	13427.7998	7.337999821	7.879000187	7.669000149	7.197999954	5.953499317	9.328724861
20090303	6.989999771	7.28000021	6.909999847	7.159999847	88041	6255.299805	7.446000099	7.849999905	7.625	7.132000446	5.942498684	9.390284538
20090302	6.880000114	7.260000229	6.800000191	7.150000095	113103	8015.100098	7.724000454	7.883999825	7.613500118	7.078666687	5.93458271	9.455643654
20090227	7.349999905	7.5	6.789999962	7.019999981	228182	15999.2002	8.048000336	7.978999138	7.584500313	7.026333809	5.926165581	9.521003723
20090226	8.279999733	8.449999809	7.519999981	7.539999962	253994	20156.5	8.331999779	8.077000618	7.559500217	6.972333908	5.919748783	9.585642815
20090225	8.550000191	8.699999809	8.010000229	8.359999657	224315	18718.80078	8.420000076	8.058000565	7.49450016	6.897667408	5.908666611	9.645802498
20090224	8.670000076	8.829999924	8.090000153	8.550000191	323478	27162.09961	8.25399971	7.955999851	7.379999638	6.804334164	5.892416954	9.702401161
20090223	8.430000305	8.850000381	8.149999619	8.770000458	236087	20274.30078	8.044000626	7.861999512	7.247999668	6.702000618	5.877916336	9.757801056
20090220	8	8.590000153	7.800000191	8.43999958	289240	23834.30078	7.909999847	7.715000153	7.096499443	6.586333275	5.856666088
20090219	7.539999962	8.039999962	7.489999771	7.980000019	215750	16779.5	7.822000027	7.597000122	6.965499878	6.471666336	5.837332726
20090218	7.300000191	7.730000019	7.199999809	7.53000021	266451	19903.19922	7.696000099	7.458999634	6.857499599	6.372000217	5.826749802
20090217	8.050000191	8.050000191	7.5	7.5	223488	17289.90039	7.657999992	7.400000095	6.77300024	6.290999889	5.820165634
20090216	8.029999733	8.170000076	7.739999771	8.100000381	208448	16585	7.680000305	7.342999935	6.676000118	6.214999676	5.813832283
20090213	7.329999924	8.050000191	7.289999962	8	298938	23204.30078	7.519999504	7.190000057	6.550000191	6.125	5.803332806
20090212	7.360000134	7.440000057	7.019999981	7.349999905	137552	9930.700195	7.372000217	7.041999817	6.420000553	6.035999775	5.793082714
20090211	7.400000095	7.619999886	7.21999979	7.340000153	244614	18071.69922	7.222000122	6.930999756	6.317500114	5.970332623	5.794499874
20090210	7.309999943	7.630000114	7.199999809	7.610000134	204671	15218.2998	7.141999722	6.803999424	6.228499889	5.920666695	5.802582264
20090209	7.349999905	7.380000114	7.179999828	7.300000191	245188	17839.90039	7.005999565	6.633999825	6.122000217	5.866999626	5.809499264
20090206	6.659999847	7.260000229	6.659999847	7.260000229	334281	23873.09961	6.86000061	6.477999687	6.021999836	5.81533289	5.817832947
20090205	6.900000095	7.139999866	6.480000019	6.599999905	165033	11259.2002	6.71200037	6.333999634	5.908999443	5.763334274	5.826333523
20090204	6.880000114	7.070000172	6.840000153	6.940000057	160921	11187.5	6.640000343	6.255999565	5.828499794	5.733667374	5.84366703
20090203	6.590000153	6.960000038	6.489999771	6.929999828	166809	11310.09961	6.465999603	6.146000385	5.73649931	5.690667629	5.855916977
20090202	6.579999924	6.840000153	6.5	6.570000172	150189	9988.400391	6.262000084	6.008999825	5.650999546	5.64566803	5.87074995
20090123	6.179999828	6.659999847	6.059999943	6.519999981	199377	12704.5	6.095999718	5.910000324	5.592499733	5.625668526	5.888833046
20090122	6.150000095	6.260000229	6.039999962	6.239999771	129853	7966.100098	5.955999851	5.798000336	5.532999516	5.610001564	5.911416531
20090121	5.800000191	6.21999979	5.769999981	6.070000172	155491	9403.400391	5.872000217	5.703999519	5.489999771	5.599668026	5.93475008
20090120	5.730000019	5.940000057	5.619999886	5.909999847	117035	6736.5	5.825999737	5.652999401	5.478999138	5.603667259	5.962082863
20090119	5.860000134	6.010000229	5.670000076	5.739999771	92318	5352.799805	5.755999565	5.609999657	5.483499527	5.596333981	5.988583565
20090116	5.849999905	6.099999905	5.800000191	5.820000172	108183	6451.399902	5.723999977	5.565999985	5.483999729	5.585667133	6.017833233
20090115	5.800000191	5.940000057	5.710000038	5.820000172	92218	5385.299805	5.639999866	5.484000206	5.478000164	5.571667194	6.046999931
20090114	5.489999771	5.849999905	5.489999771	5.840000153	116229	6645.700195	5.536000252	5.401000023	5.472500801	5.545999527	6.071833611
20090113	5.510000229	5.739999771	5.480000019	5.559999943	138592	7848.600098	5.480000019	5.327000141	5.463000298	5.512999535	6.090916634
20090112	5.380000114	5.650000095	5.360000134	5.579999924	75229	4181.799805	5.463999748	5.293000221	5.464000225	5.481666088	6.112416744
20090109	5.320000172	5.46999979	5.309999943	5.400000095	65076	3512.899902	5.407999992	5.275000095	5.483500481	5.458999634	6.138999939
20090108	5.429999828	5.5	5.25	5.300000191	60438	3249.800049	5.328000069	5.268000126	5.516000271	5.443333626	6.171999454
20090107	5.480000019	5.659999847	5.380000114	5.559999943	100118	5537.799805	5.265999794	5.276000023	5.547500134	5.432333469	6.204082966
20090106	5.269999981	5.53000021	5.21999979	5.480000019	92539	5007.100098	5.173999786	5.304999352	5.578999996	5.421667099	6.235748768
20090105	5.130000114	5.300000191	5.059999943	5.300000191	61252	3174.899902	5.122000217	5.356999397	5.58949995	5.419000149	6.27166605
20081231	5.019999981	5.099999905	4.949999809	5	50722	2551	5.141999722	5.401999474	5.595499992	5.424666882	6.304833412
20081230	5.119999886	5.170000076	4.929999828	4.989999771	54044	2725	5.207999706	5.472000122	5.61550045	5.427334309	6.338833809
20081229	5.230000019	5.230000019	4.929999828	5.099999905	67832	3422.199951	5.286000252	5.544000149	5.618499756	5.449000359	6.366000175
20081226	5.380000114	5.440000057	5.170000076	5.21999979	69244	3630.100098	5.43599987	5.599000454	5.605999947	5.460333824	6.39416647
20081225	5.440000057	5.639999866	5.329999924	5.400000095	128133	7018.899902	5.592000008	5.634999752	5.575999737	5.457666874	6.417833328
20081224	5.28000021	5.369999886	5.150000095	5.329999924	75523	3963.199951	5.661999702	5.691999912	5.550999641	5.433334351	6.439499378
20081223	5.880000114	5.960000038	5.380000114	5.380000114	89568	5075.600098	5.736000061	5.763999939	5.530999184	5.405000687	6.466665745
20081222	6	6.079999924	5.78000021	5.849999905	95720	5636.5	5.802000046	5.818999767	5.510499477	5.380667686	6.492749214
20081219	5.769999981	6.050000191	5.75	6	158319	9423.299805	5.762000084	5.852999687	5.480000496	5.329333782	6.522748947
20081218	5.659999847	5.789999962	5.570000172	5.75	71822	4083.600098	5.677999973	5.822000027	5.449999809	5.269333839	6.552248478
20081217	5.699999809	5.809999943	5.659999847	5.699999809	77034	4422.899902	5.722000122	5.789000511	5.43599987	5.220000267	6.579331398
20081216	5.53000021	5.730000019	5.440000057	5.710000038	63843	3558.100098	5.791999817	5.759000301	5.40500021	5.168667316	6.60299778
20081215	5.710000038	5.760000229	5.5	5.650000095	63095	3562	5.835999489	5.69299984	5.401500225	5.119000435	6.625997543
20081212	5.900000095	5.980000019	5.489999771	5.579999924	114059	6497.399902	5.943999767	5.612999916	5.391000271	5.069333553	6.646996975
20081211	6.059999943	6.300000191	5.96999979	5.96999979	149792	9153.200195	5.96600008	5.517000198	5.369000435	5.028333664	6.676163197
20081210	5.849999905	6.130000114	5.769999981	6.050000191	100902	6015.799805	5.856000423	5.409999847	5.304000854	4.974000454	6.695164204
20081209	6.25	6.260000229	5.869999886	5.929999828	138442	8304.599609	5.726000309	5.297999382	5.225500584	4.925000668	6.714247227
20081208	5.920000076	6.190000057	5.849999905	6.190000057	190195	11456.2002	5.550000191	5.201999664	5.161500454	4.876000404	6.737496853
20081205	5.389999866	5.760000229	5.389999866	5.690000057	128276	7200.600098	5.282000065	5.107000351	5.067500591	4.835000038	6.763496876
20081204	5.510000229	5.849999905	5.409999847	5.420000076	197025	11066.5	5.06799984	5.078000069	4.993000507	4.813000679	6.800580025
20081203	5.260000229	5.429999828	5.179999828	5.400000095	141794	7535.299805	4.964000225	5.082999706	4.935500145	4.79900074	6.849329948
20081202	4.730000019	5.050000191	4.679999828	5.050000191	106467	5255.700195	4.869999886	5.050999641	4.873500347	4.793000221	6.897663593
20081201	4.599999905	4.860000134	4.559999943	4.849999905	73537	3496.5	4.853999615	5.109999657	4.831999779	4.800000191	6.949579716
20081128	4.949999809	4.949999809	4.539999962	4.619999886	139890	6565.299805	4.93200016	5.168999672	4.797499657	4.80833292	7.006997108
20081126	4.940000057	5.010000229	4.820000172	4.900000095	26993	1331	5.087999821	5.220999718	4.78399992	4.820999622	7.069746971
20081125	5.050000191	5.099999905	4.809999943	4.929999828	31024	1537.599976	5.202000141	5.198000431	4.756000519	4.839333057	7.129247189
20081124	5.269999981	5.300000191	4.96999979	4.96999979	43946	2255.800049	5.231999397	5.152999878	4.738500118	4.861666203	7.187247276
20081121	5.159999847	5.409999847	5.079999924	5.239999771	57115	2992.399902	5.365999699	5.120999813	4.713000298	4.890999794	7.2481637
20081120	5.300000191	5.480000019	5.159999847	5.400000095	98749	5270.399902	5.40599966	5.028000832	4.699000359	4.906999588	7.301663876
20081119	5.03000021	5.5	5.03000021	5.46999979	92542	4873.899902	5.353999615	4.907999992	4.680500507	4.93066597	7.351663589
20081118	5.639999866	5.639999866	5.079999924	5.079999924	132140	7079.399902	5.193999767	4.78799963	4.657000542	4.958333492	7.407580853
20081117	5.400000095	5.699999809	5.230000019	5.639999866	147772	8066.100098	5.073999882	4.696000099	4.664000034	5.004999638	7.470498085
20081114	5.25	5.53000021	5.150000095	5.440000057	190946	10118.09961	4.876000404	4.553999901	4.644999981	5.034999371	7.533498287
20081113	4.599999905	5.139999866	4.579999924	5.139999866	133124	6564.100098	4.650000095	4.425999641	4.627999783	5.08266592	7.597248554
20081112	4.440000057	4.670000076	4.409999847	4.670000076	64593	2933.899902	4.461999893	4.347000122	4.620999336	5.133666039	7.67108202
20081111	4.579999924	4.699999809	4.480000019	4.480000019	55442	2544.399902	4.381999493	4.31400013	4.659999371	5.194665909	7.749831676
20081110	4.449999809	4.670000076	4.360000134	4.650000095	64432	2933.199951	4.31799984	4.324000359	4.715999603	5.258999825	7.833415031
20081107	4.130000114	4.349999905	4.119999886	4.309999943	29097	1245.900024	4.231999397	4.304999828	4.776000023	5.331666946	7.917248249
20081106	4.139999866	4.21999979	4.119999886	4.199999809	15198	633.4000244	4.201999664	4.369999886	4.846499443	5.403666496	7.999581337
20081105	4.21999979	4.349999905	4.170000076	4.269999981	41905	1792.199951	4.231999874	4.453000069	4.941999435	5.459667683	8.089497566
20081104	4.179999828	4.210000038	4.079999924	4.159999847	19013	785.2999878	4.245999813	4.526000023	5.043499947	5.525001049	8.17624855
20081103	4.150000095	4.25	4.130000114	4.21999979	20023	839.5	4.329999924	4.631999493	5.159500122	5.596334457	8.262831688
20081031	4.340000153	4.340000153	4.130000114	4.159999847	36342	1531	4.377999783	4.736000061	5.275499821	5.661667347	8.343914986
20081030	4.420000076	4.420000076	4.230000019	4.349999905	79004	3420.300049	4.538000107	4.829999924	5.410999775	5.726334095	8.426748276
20081029	4.630000114	4.690000057	4.300000191	4.340000153	27161	1238.099976	4.673999786	4.894999981	5.526999474	5.791667461	8.508249283
20081028	4.369999886	4.670000076	4.309999943	4.579999924	33373	1515.599976	4.806000233	5.005999565	5.634999752	5.85900116	8.588581085
20081027	4.940000057	4.940000057	4.460000038	4.460000038	35801	1659.5	4.933999538	5.107999325	5.726500034	5.912001133	8.66133213
20081024	5.03000021	5.070000172	4.880000114	4.960000038	19504	971.2999878	5.09400034	5.247000217	5.84499979	5.992001057	8.732498169
20081023	4.840000153	5.079999924	4.820000172	5.03000021	30603	1500.699951	5.122000217	5.322999477	5.920499325	6.055666924	8.802581787
20081022	5.179999828	5.230000019	4.949999809	5	26769	1354.199951	5.116000175	5.430999756	5.963000298	6.115000248	8.870415688
20081021	5.309999943	5.360000134	5.199999809	5.21999979	21727	1149.400024	5.205999851	5.56099987	6.024499893	6.171667576	8.928498268
20081020	5.019999981	5.320000172	5.010000229	5.260000229	20933	1081.599976	5.282000065	5.687000275	6.078499794	6.223667622	8.975666046
20081017	5.050000191	5.170000076	4.949999809	5.099999905	18826	953.5999756	5.400000095	5.81499958	6.124500275	6.270000935	9.02841568
20081016	5.199999809	5.239999771	4.980000019	5	35873	1830.099976	5.523999691	5.991999626	6.174500465	6.316666603	9.081749916
20081015	5.449999809	5.650000095	5.400000095	5.449999809	13793	759.7999878	5.745999813	6.15899992	6.240000725	6.357000351	9.142582893
20081014	6.079999924	6.090000153	5.559999943	5.599999905	32707	1916.800049	5.915999889	6.263999939	6.285500526	6.380000114	9.210917473
20081013	5.699999809	5.849999905	5.349999905	5.849999905	31715	1785	6.092000008	6.345000267	6.314000607	6.401666164	9.280834198
20081010	5.889999866	5.980000019	5.699999809	5.71999979	32409	1888.400024	6.230000019	6.44299984	6.364500999	6.413666248	9.347084999
20081009	6.460000038	6.46999979	6.099999905	6.110000134	23418	1469.300049	6.460000038	6.517999172	6.421999931	6.436666489	9.423418999
20081008	6.309999943	6.460000038	6.179999828	6.300000191	29989	1888.5	6.572000027	6.495000362	6.456999779	6.459999561	9.495419502
20081007	6.300000191	6.639999866	6.199999809	6.480000019	29665	1917.5	6.612000465	6.487999916	6.477000237	6.457333088	9.562086105
20081006	6.71999979	6.880000114	6.5	6.539999962	53907	3614.899902	6.598000526	6.46999979	6.49200058	6.445333004	9.637919426
20080926	6.699999809	6.989999771	6.590000153	6.869999886	111684	7615.700195	6.65599966	6.434000492	6.49750042	6.45099926	9.708835602
20080925	6.460000038	6.75	6.380000114	6.670000076	93925	6181.5	6.57599926	6.356999874	6.479000092	6.446666241	9.768335342
20080924	6.289999962	6.5	6.050000191	6.5	81426	5035.100098	6.418000221	6.321000099	6.456000328	6.448999882	9.827502251
20080923	6.550000191	6.670000076	6.360000134	6.409999847	75100	4855	6.363999844	6.30700016	6.438000679	6.460333824	9.900835991
20080922	6.889999866	7.119999886	6.599999905	6.829999924	129864	8904.799805	6.342000008	6.282999992	6.429999352	6.472333431	9.989085197
20080919	6.449999809	6.46999979	6.300000191	6.46999979	102195	6592.399902	6.211999893	6.286000252	6.399000168	6.495333195	10.07716751
20080918	6.039999962	6.150000095	5.630000114	5.880000114	52444	3102.899902	6.137999535	6.325999737	6.395999908	6.556666374	10.16733456
20080917	6.269999981	6.420000076	6.190000057	6.230000019	27333	1723.400024	6.223999977	6.419000149	6.442499638	6.641999722	10.26983547
20080916	6.199999809	6.369999886	6.010000229	6.300000191	52793	3316.100098	6.25	6.466000557	6.441999912	6.710999012	10.36525345
20080912	6.110000134	6.260000229	6.099999905	6.179999828	25255	1564.900024	6.223999977	6.513999939	6.432999611	6.776999474	10.4584198
20080911	6.289999962	6.349999905	6	6.099999905	35538	2178.899902	6.360000134	6.561000824	6.459499359	6.860332966	10.56000233
20080910	6.25	6.570000172	6.199999809	6.309999943	29218	1878.800049	6.513999939	6.601000309	6.491499424	6.937333107	10.66216946
20080909	6.150000095	6.53000021	6.019999981	6.360000134	36215	2286.899902	6.613999844	6.591000557	6.512999535	7.017333031	10.7559185
20080908	6.800000191	6.949999809	6.170000076	6.170000076	62167	3943.100098	6.682000637	6.569000244	6.537000179	7.096665859	10.84875202
20080905	6.630000114	7.130000114	6.570000172	6.860000134	61779	4287.299805	6.803999901	6.576999664	6.566999912	7.198666573	10.95400047
20080904	6.730000019	6.980000019	6.710000038	6.869999886	33685	2309.600098	6.762000084	6.512000084	6.599999905	7.271332741	11.05766773
20080903	6.650000095	6.869999886	6.619999886	6.809999943	32779	2207.5	6.688000679	6.465999603	6.671999931	7.353999615	11.16000175
20080902	6.730000019	6.800000191	6.619999886	6.699999809	39292	2631.300049	6.56799984	6.465999603	6.753500462	7.430000305	11.2665844
20080901	6.619999886	6.949999809	6.559999943	6.78000021	92618	6295.200195	6.455999851	6.418000221	6.833498955	7.515000343	11.38075161
20080829	6.519999981	6.78000021	6.449999809	6.650000095	50603	3366	6.349999428	6.352000237	6.908499718	7.599667549	11.49083424
20080828	6.289999962	6.579999924	6.199999809	6.5	40641	2610.399902	6.262000084	6.357999325	7.009999752	7.671334743	11.61558342
20080827	6.230000019	6.489999771	6.170000076	6.210000038	35026	2208.899902	6.243999481	6.381999493	7.105500698	7.725667953	11.74891758
20080826	6.110000134	6.289999962	6.019999981	6.139999866	26417	1637.400024	6.363999844	6.434999943	7.230500221	7.790000916	11.88733482
20080825	6.230000019	6.329999924	6.130000114	6.25	11969	749.9000244	6.379999638	6.505000114	7.360499382	7.877667904	12.02475071
20080822	6.329999924	6.449999809	5.909999847	6.210000038	29547	1819.699951	6.354000092	6.55700016	7.509500027	7.981333733	12.16841698
20080821	6.699999809	6.829999924	6.409999847	6.409999847	28750	1899.900024	6.453999519	6.688000679	7.650999546	8.079333305	12.30675125
20080820	6.25	6.840000153	6.130000114	6.809999943	41696	2766.5	6.519999504	6.877999783	7.797999382	8.177667618	12.44275093
20080819	6.090000153	6.349999905	6	6.21999979	19727	1225	6.505999565	7.041000366	7.912000179	8.277001381	12.57158375
20080818	6.900000095	6.909999847	6.110000134	6.119999886	24724	1583	6.629999638	7.248999596	8.063500404	8.379000664	12.69516659
20080815	6.789999962	6.849999905	6.610000134	6.710000038	14969	1010.5	6.759999752	7.465000153	8.223501205	8.477667809	12.8257513
20080814	6.679999828	6.849999905	6.659999847	6.739999771	19614	1325.300049	6.921999931	7.661999702	8.328001022	8.529001236	12.9515028
20080813	6.829999924	6.869999886	6.489999771	6.739999771	32840	2184.899902	7.236000061	7.828999996	8.397500992	8.587000847	13.08875179
20080812	6.78000021	6.940000057	6.699999809	6.840000153	38998	2668.600098	7.576000214	8.025999069	8.467500687	8.631000519	13.22841835
20080811	7.480000019	7.519999981	6.769999981	6.769999981	98532	6831.100098	7.868000031	8.21599865	8.564001083	8.66966629	13.36716843
20080808	8.350000381	8.369999886	7.480000019	7.519999981	57116	4471.200195	8.170000076	8.461999893	8.693499565	8.730333328	13.50391865
20080807	8.479999542	8.600000381	8.119999886	8.31000042	31604	2639.199951	8.401999474	8.61400032	8.774999619	8.763334274	13.62941647
20080806	8.529999733	8.640000343	8.289999962	8.43999958	58035	4927.399902	8.421998978	8.718000412	8.827500343	8.801333427	13.74775028
20080805	8.289999962	8.630000114	8.25	8.300000191	53713	4553.5	8.475999832	8.782999992	8.895000458	8.838000298	13.8640852
20080804	8.479999542	8.590000153	8.220000267	8.279999733	24933	2096.100098	8.56400013	8.877999306	8.944000244	8.861333847	
20080801	8.319999695	8.75	8.210000038	8.680000305	39039	3310.399902	8.75399971	8.982000351	8.98400116	8.869999886	
20080731	8.779999733	8.81000042	8.409999847	8.409999847	36836	3168.5	8.826000214	8.994000435	8.962500572	8.86300087	
20080730	8.949999809	8.979999542	8.569999695	8.710000038	35968	3153.600098	9.013999939	8.966000557	8.966000557	8.854998589	
20080729	9.050000191	9.149999619	8.659999847	8.739999771	80002	7051.299805	9.089999199	8.909000397	8.93350029	8.867333412	
20080728	9.050000191	9.340000153	9.050000191	9.229999542	52993	4883.899902	9.191999435	8.911999702	8.896499634	8.851000786	
20080725	9.220000267	9.279999733	9.029999733	9.039999962	61335	5602.700195	9.210000992	8.925000191	8.864500046	8.821333885	
20080724	9.25	9.5	9.199999809	9.350000381	67453	6312.5	9.161999702	8.935998917	8.838000298	8.810667038	
20080723	9.270000458	9.5	9.050000191	9.090000153	58392	5432.600098	8.918000221	8.936999321	8.843000412	8.809332848	
20080722	9.289999962	9.380000114	9.090000153	9.25	62296	5759.5	8.727999687	9.006999969	8.865501404	8.844332695	
20080721	8.819999695	9.420000076	8.670000076	9.319999695	123860	11160.2998	8.631999969	9.010000229	8.853001595	8.91166687	
20080718	8.25	8.829999924	8.220000267	8.800000191	91502	7762.700195	8.640000343	8.986001015	8.814001083	8.974332809	
20080717	8.359999657	8.449999809	8	8.130000114	67333	5548.399902	8.710000038	8.93100071	8.797499657	9.05700016	
20080716	8.600000381	8.699999809	8.020000458	8.140000343	76423	6342.600098	8.955999374	8.966000557	8.799499512	9.177332878	
20080715	9.420000076	9.5	8.770000458	8.770000458	75930	6884.899902	9.286000252	8.958000183	8.846499443	9.310997963
20080714	9.090000153	9.369999886	9.010000229	9.359999657	71979	6656.399902	9.388000488	8.881000519	8.82049942	9.419998169
20080711	9.220000267	9.420000076	9.020000458	9.149999619	62795	5769.100098	9.332000732	8.803999901	8.769498825	9.504331589
20080710	9.5	9.880000114	9.329999924	9.359999657	94333	9045.900391	9.152000427	8.739999771	8.747999191	9.608664513
20080709	9.270000458	9.960000038	9.159999847	9.789999962	144560	13764.40039	8.975999832	8.748999596	8.745499611	9.685332298
20080708	9.449999809	9.449999809	8.890000343	9.279999733	145887	13467.2002	8.630000114	8.724000931	8.762999535	9.738998413
20080707	8.300000191	9.079999924	8.300000191	9.079999924	109230	9755.299805	8.374000549	8.696001053	8.862500191	9.835664749
20080704	8.380000114	8.539999962	8.199999809	8.25	51871	4331.399902	8.276000023	8.642000198	8.968500137	9.953999519
20080703	7.909999847	8.680000305	7.849999905	8.479999542	93945	7803.399902	8.328000069	8.663999557	9.119998932	10.11900043
20080702	8.149999619	8.350000381	7.880000114	8.06000042	90525	7337.700195	8.522000313	8.633000374	9.282999039	10.27266788
20080701	8.409999847	8.539999962	7.949999809	8	52791	4308.399902	8.81799984	8.73500061	9.487498283	10.47066784
20080630	8.199999809	8.590000153	8.119999886	8.590000153	44504	3722.300049	9.017999649	8.760000229	9.689498901	10.67466736
20080627	9	9.130000114	8.510000229	8.510000229	83274	7224.299805	9.008000374	8.734999657	9.85449791	10.87200069
20080626	9.479999542	9.640000343	9.199999809	9.449999809	95847	9037.099609	9	8.755999565	10.04299831	11.07866764
20080625	8.949999809	9.600000381	8.880000114	9.539999962	105435	9837.799805	8.744000435	8.74200058	10.15349865	11.23666668
20080624	8.5	9.210000038	8.460000038	9	79170	7036	8.652000427	8.802000046	10.24649906	11.41833305
20080623	8.380000114	8.920000076	8.149999619	8.539999962	69907	6005.700195	8.502000809	9.029000282	10.40549946	11.60766697
20080620	8.220000267	8.899999619	7.650000095	8.470000267	122972	10333.90039	8.461999893	9.295000076	10.60999966	11.80800056
20080619	9	9.140000343	8.170000076	8.170000076	110993	9624.299805	8.51199913	9.576000214	10.8465004	11.99066639
20080618	8.199999809	9.079999924	8.100000381	9.079999924	130685	11325.59961	8.740000725	9.933000565	11.09250069	12.18833256
20080617	8.369999886	8.600000381	8.100000381	8.25	116957	9778.400391	8.952000618	10.23999977	11.33850002	12.35666752
20080616	8.779999733	8.93999958	8	8.340000153	148123	12383.59961	9.55600071	10.61900043	11.63199902	12.54766655
20080613	9.31000042	9.470000267	8.56000042	8.720000267	53022	4768.700195	10.12800026	10.97399902	11.94049931	12.71333408
20080611	9.880000114	10.01000023	9.279999733	9.31000042	71547	6833.600098	10.64000034	11.32999897	12.23999977	12.8560009
20080610	10.61999989	10.89999962	10.14000034	10.14000034	54956	5705	11.1260004	11.56499958	12.48399925	12.99133396
20080606	11.32999992	11.36999989	11.14999962	11.27000046	13893	1562.599976	11.52799988	11.69099903	12.72649956	13.09233284
20080605	11.07999992	11.42000008	10.93000031	11.19999981	40067	4481.700195	11.68200016	11.78199959	12.89700031	13.11566639
20080604	11.69999981	11.78999996	11.10000038	11.27999973	56834	6440.600098	11.81999969	11.92500019	13.06450081	13.1050005
20080603	12.14999962	12.23999977	11.69999981	11.73999977	33231	3942.600098	12.0199995	12.11700058	13.19799995	13.11533451
20080602	11.89999962	12.27999973	11.80000019	12.14999962	22176	2671.199951	12.00399971	12.25200081	13.31599903	13.10733414
20080530	11.81999969	12.10000038	11.81000042	12.03999996	45870	5480.399902	11.85400009	12.43700027	13.41500092	13.11233521
20080529	12.19999981	12.23999977	11.89000034	11.89000034	34881	4206	11.88199902	12.6449995	13.51199913	13.16600132
20080528	11.67000008	12.36999989	11.39999962	12.27999973	67884	8039.299805	12.02999973	12.90699959	13.58300018	13.23600101
20080527	11.39999962	11.81000042	11.36999989	11.65999985	41332	4791.299805	12.2140007	13.14999962	13.61900043	13.28666687
20080526	12	12.06000042	11.35000038	11.39999962	50592	5911	12.5	13.40299797	13.7045002	13.39400005
20080523	12.64999962	12.80000019	11.96000004	12.18000031	46117	5653.799805	13.02000141	13.76199913	13.79299927	13.50566578
20080522	12.85999966	13.17000008	12.5	12.63000011	56208	7203.100098	13.40799999	14.01200104	13.78249931	13.576334
20080521	12.89999962	13.39000034	12.10000038	13.19999981	70932	8985.5	13.78399944	14.20400047	13.6950016	13.6746664
20080520	14.07999992	14.27999973	12.90999985	13.09000015	43979	6051.5	14.08600044	14.27900124	13.61450005	13.73633194
20080519	14	14.18000031	13.80000019	14	33433	4674.899902	14.30599976	14.38000011	13.5350008	13.76699924
20080516	14.48999977	14.75	13.72999954	14.11999989	80212	11353.09961	14.50400066	14.39299965	13.45000172	13.75933361
20080515	14.75	15.07999992	14.44999981	14.51000023	67805	10072.7002	14.61600018	14.37899971	13.42650127	13.798666
20080514	14.14999962	14.85000038	14.14000034	14.71000004	69804	10090.2998	14.62400055	14.25900078	13.4005003	13.88166714
20080513	14.48999977	14.88000011	14.06000042	14.18999958	92802	13408.7002	14.47200012	14.0880003	13.3550005	13.9713335
20080512	14.21000004	15.19999981	13.93999958	14.98999977	80575	11823.09961	14.45399952	14.00599957	13.38950062	14.07466698
20080509	14.60000038	15.10000038	14	14.68000031	102464	15008.90039	14.28200054	13.8239994	13.37749958	14.18100166
20080508	13.64999962	14.57999992	13.5	14.55000019	74401	10493.40039	14.1420002	13.5529995	13.35850048	14.28100204
20080507	14.02999973	14.89999962	13.89999962	13.94999981	116295	16752.80078	13.89400005	13.18599892	13.4100008	14.37866783
20080506	14	14.44999981	13.81000042	14.10000038	75551	10705.90039	13.70400047	12.94999886	13.4649992	14.52600098
20080505	14.10999966	14.30000019	13.65999985	14.13000011	82720	11587.7002	13.55800056	12.69000053	13.46049976	14.66800022
20080430	13.35000038	14.10000038	13.35000038	13.97999954	100525	13923	13.36600018	12.50700092	13.44250011	14.78233337
20080429	12.98999977	13.56999969	12.80000019	13.31000042	108274	14402.40039	12.96399975	12.47399998	13.50849915	14.89966679
20080428	13	13.35000038	12.85000038	13	96079	12593.09961	12.47799969	12.54199982	13.69300079	15.08266544
20080425	12.55000019	13.90999985	12.55000019	13.36999989	236003	31068.90039	12.1960001	12.62199974	13.91300011	15.29266453
20080424	13.15999985	13.17000008	12.60000038	13.17000008	306899	40021.39844	11.8220005	12.77300072	14.10900116	15.48533154
20080423	10.80000019	11.97000027	10.5	11.97000027	139330	15972.7002	11.64800072	12.93099976	14.35950184	15.69966316
20080422	11.39999962	11.43999958	10.43000031	10.88000011	172125	18547.30078	11.98400021	13.16400146	14.64500141	15.9806633
20080421	12.64999962	12.64999962	11	11.59000015	190117	22357.5	12.60599995	13.63400078	14.97500038	16.28433037
20080418	12.25	12.38000011	11.22999954	11.5	100723	11680.40039	13.04800129	13.9800005	15.31400013	16.61866379
20080417	13.51000023	14.10000038	12.28999996	12.30000019	122106	15885.40039	13.72400093	14.23099995	15.65699959	16.98533058
20080416	13.68000031	14.27000046	13.57999992	13.64999962	74399	10335	14.21399975	14.37800026	15.92000008	17.33599854
20080415	13.39999962	13.98999977	12.89999962	13.98999977	56382	7434.700195	14.34399986	14.54300117	16.11249924	17.63533211
20080414	14.5	14.77000046	13.68000031	13.80000019	54445	7702.700195	14.66200066	14.84400177	16.35299873	17.95199776
20080411	14.76000023	15.22999954	14.64999962	14.88000011	31912	4756.700195	14.9119997	15.20400047	16.62799835	18.25233078
20080410	14.18000031	14.89999962	14	14.75	44899	6455.700195	14.73800087	15.4450016	16.84149742	18.51399803
20080409	15.30000019	15.73999977	14.30000019	14.30000019	52270	7951.299805	14.54200172	15.78800011	17.08399582	18.7646656
20080408	15.10000038	16.06999969	15	15.57999992	92191	14328.7998	14.74199963	16.12600136	17.38899612	18.98966408
20080407	14.03999996	15.21000004	13.88000011	15.05000019	95174	13953.09961	15.02600098	16.31599998	17.60949898	19.19666672
20080403	13.30000019	14.19999981	13	14.01000023	76216	10362.7002	15.49600029	16.64799881	17.93799973	19.4216671
20080402	15.35000038	15.48999977	13.77000046	13.77000046	185019	25748.40039	16.15200233	17.08300209	18.36249924	19.72833252
20080401	16.89999962	17.03000069	15.30000019	15.30000019	63182	9798.799805	17.0340004	17.4620018	18.81499863	20.05266571
20080331	17.20000076	17.37000084	16.5	17	24988	4251.399902	17.51000023	17.68200111	19.18149948	20.32566261
20080328	17.28000069	17.5	16.5	17.39999962	49885	8535.799805	17.6060009	17.86199951	19.50600052	20.5316658
20080327	18.10000038	18.10000038	17.20000076	17.29000092	33979	5978.600098	17.79999924	18.05199814	19.77649879	20.70432854
20080326	17.86000061	18.64999962	17.67000008	18.18000031	39129	7149.5	18.01399994	18.23799706	20.04849625	20.87833023
20080325	17.10000038	17.79000092	17.01000023	17.68000031	39175	6848.399902	17.8900013	18.37999916	20.25299835	21.0189991
20080324	18.47999954	18.79999924	17.47999954	17.47999954	38759	6980.899902	17.85400009	18.65199852	20.42149734	
20080321	18.35000038	19.28000069	17.95000076	18.37000084	56768	10551.7002	18.11800003	18.90299988	20.63699913	
20080320	17.67000008	18.57999992	16.62000084	18.36000061	46276	8056.399902	18.30399895	19.22800064	20.80849838	
20080319	18	18.55999947	17.36000061	17.55999947	29065	5211.5	18.46199989	19.6420002	21.05099869	
20080318	18.79999924	19.45000076	17.07999992	17.5	29723	5365.299805	18.86999893	20.16800117	21.34799767
20080317	19.35000038	20	18.79999924	18.79999924	25078	4856.200195	19.45000076	20.68099976	21.64749718
20080314	18.98999977	19.87999916	18.97999954	19.29999924	19391	3767.899902	19.68799973	21.14999962	21.86649895
20080313	19.35000038	19.97999954	18.87999916	19.14999962	23004	4446.600098	20.15200043	21.50099945	22.0304985
20080312	20.81999969	21	19	19.60000038	34696	6852.700195	20.8220005	21.85899925	22.19849968
20080311	19.98999977	20.5	19.39999962	20.39999962	40206	7946.299805	21.4659996	22.12599945	22.33849907
20080310	21.11000061	21.5	19.79999924	19.98999977	66633	13529.7002	21.91199875	22.19099808	
20080307	22.38999939	22.48999977	21.42000008	21.62000084	42300	9209.099609	22.61200142	22.37099838	
20080306	22.88999939	23	22.43000031	22.5	20021	4552.200195	22.85000038	22.38900185	
20080305	22.60000038	22.89999962	21.51000023	22.81999969	31871	7065	22.89599991	22.46000099	
20080304	23.62000084	23.89999962	22.40999985	22.62999916	30122	6940.5	22.7859993	22.52799988	
20080303	22.78000069	23.70000076	22.60000038	23.48999977	32081	7514.399902	22.46999931	22.61400032	
20080229	22.71999931	23.26000023	22.47999954	22.80999947	20896	4807.899902	22.12999916	22.58300018	
20080228	22.28000069	23	22	22.72999954	23579	5341.100098	21.9279995	22.55999947	
20080227	21.04999924	22.5	21.04999924	22.27000046	30645	6652	22.02400208	22.53800011	
20080226	22.20000076	22.68000031	20.60000038	21.04999924	22924	4936.5	22.26999855	22.55099869	
20080225	21.75	21.89999962	20.90999985	21.79000092	23806	5092	22.75799942
20080222	22.96999931	23.12000084	21.5	21.79999924	39077	8696.299805	23.0359993
20080221	23	23.79999924	22.69000053	23.20999908	27448	6351.399902	23.19199944
20080220	23.70999908	24.48999977	23.39999962	23.5	37502	8926.099609	23.05200005
20080219	23.38999939	23.59000015	23	23.48999977	23204	5421.799805	22.83199883
20080218	22.97999954	23.53000069	22.79999924	23.18000031	38369	8883.5	
20080215	22.39999962	22.97999954	22.07999992	22.57999992	11951	2699.100098	
20080214	22.51000023	23.10000038	22.39999962	22.51000023	16448	3733.100098	
20080213	21.70000076	23.21999931	21	22.39999962	13581	3056.800049	
