月线	000001	上证指数										
时间	开盘价	最高价	最低价	收盘价	成交量	成交额	MA.MA1	MA.MA2	MA.MA3	MA.MA4	MA.MA5	MA.MA6		
201004	3111.935059	3181.663086	2820.948975	2870.611084	291826636	2581867776	3059.61792	3034.847168	2628.979004	2998.441162		
201003	3057.006104	3132.575928	2963.437988	3109.10498	256071091	2352346880	3124.556152	3043.722412	2605.317139	3101.246094		
201002	2981.374023	3067.524902	2890.020996	3051.943115	145271731	1359493760	3101.904785	2996.10498	2588.647949	3182.686035		
201001	3289.75	3306.750977	2963.891113	2989.291992	297009382	2674281728	3047.401123	2938.66748	2572.855957	3254.915039		
200912	3191.058105	3334.010986	3039.85791	3277.138916	325966131	3026727424	2983.091553	2877.05957	2595.059082	3304.306885		
200911	2933.816895	3361.385986	2923.524902	3195.301025	397247769	3754255104	3010.076416	2757.630859	2615.857178	3322.425537		
200910	2840.131104	3123.462891	2834.61792	2995.8479	204265241	2006591232	2962.888428	2637.166504	2629.727783	3352.903809		
200909	2649.167969	3068.028076	2639.759033	2779.426025	289745459	2948162560	2890.304932	2519.662109	2697.362793	3381.084473		
200908	3429.693115	3478.01001	2662.99707	2667.745117	342581939	3376616704	2829.933838	2428.835205	2777.561035	3394.56958		
200907	2950.168945	3454.019043	2947.689941	3412.062012	480084326	4540701696	2771.027344	2334.939209	2907.251709	3401.680664		
200906	2668.399902	2997.271973	2668.399902	2959.362061	313578675	3269336576	2505.185059	2223.111084	2980.237793	3380.822998		
200905	2486.685059	2688.112061	2486.225098	2632.929932	245752780	2699600640	2311.444092	2166.911865	3130.007813	3371.360107		
200904	2380.979004	2579.218018	2331.876953	2477.569092	305741440	3480883968	2149.019287	2181.190918	3275.976074	3353.572021		
200903	2066.229004	2392.769043	2037.024048	2373.212891	254774528	3163165696	2027.736694	2207.044189	3413.038574	3332.25293
200902	2008.134033	2402.806885	1987.129028	2082.852051	268049510	3564243456	1898.851196	2313.058105	3517.930176	3311.559814
200901	1849.02002	2018.51001	1844.093994	1990.656982	99295641	1497598464	1941.037476	2474.083496	3604.822754	3297.419189
200812	1865.743042	2100.805908	1814.751953	1820.805054	159788851	2551395584	2022.379883	2622.289063	3710.772705	3284.821777
200811	1713.762939	2050.878906	1678.957031	1871.156006	121542297	2066536448	2213.362549	2875.062988	3811.795654	3279.868896
200810	2267.394043	2267.394043	1664.925049	1728.786011	75642892	1198140672	2386.352051	3126.286621	3877.437012	3272.207031
200809	2380.468018	2380.468018	1802.331055	2293.783936	83687225	1230857088	2727.265381	3479.564453	3935.051514	3262.588135
200808	2751.02002	2830.763916	2284.584961	2397.368896	80926137	1036471936	3007.129639	3737.36377	3959.678955	3229.405273
200807	2743.164063	2952.039063	2566.528076	2775.717041	156253593	1619298048	3222.198486	4093.103516	3973.584473	3192.793945
200806	3426.195068	3483.610107	2693.404053	2736.103027	115608780	1155888128	3536.763672	4370.761719	3939.762939	3142.204834
200805	3739.797119	3786.023926	3333.950928	3433.354004	201480960	1581657600	3866.221436	4619.033691	3894.857422	3089.703125
200804	3461.084961	3705.093018	2990.788086	3693.105957	192241510	1637669632	4231.863281	4722.801758	3810.811035	3011.900146
200803	4323.698242	4472.150879	3357.229004	3472.712891	197146611	1398548736	4467.598145	4735.561523	3709.087158	2925.223633
200802	4388.253906	4695.801758	4123.305176	4348.542969	144050444	918487808	4964.008301	4799.255859	3616.088379	2847.987549
200801	5265	5522.777832	4330.696777	4383.393066	311193472	1887177728	5204.759766	4748.52832	3482.271973	2741.795898
200712	4838.563965	5336.499023	4798.01416	5261.562988	200365414	1352188160	5371.846191	4628.587402	3345.167236	2631.783936
200711	5978.938965	6005.130859	4778.727051	4871.777832	176904166	1111361152	5213.740234	4390.538574	3154.100098	2492.429932
200710	5683.310059	6124.043945	5462.013184	5954.765137	244602675	1464080768	5003.525391	4181.994141	2975.426025	2365.39502
200709	5257.776855	5560.416992	5025.335938	5552.300781	307850035	2030233088	4634.50293	3854.065186	2742.63916	2205.54126
200708	4488.773926	5235.157227	4284.871094	5218.825195	360358323	2570673920	4292.297363	3508.76416	2527.926514	2059.839111
200707	3800.23291	4476.625977	3563.543945	4471.032227	219357900	1847649152	3885.328857	3170.680908	2325.038086	1929.411743
200706	4120.62793	4311.99707	3404.145996	3820.702881	360814771	2979268096	3567.337158	2898.819824	2156.449707	1820.104858
200705	3937.937988	4335.962891	3845.227051	4109.653809	398024960	3150359040	3360.463379	2682.613525	2020.055298	1734.964478
200704	3196.586914	3851.350098	3196.586914	3841.271973	323745920	3114852096	3073.627441	2432.921387	1872.353271	1642.668457
200703	2877.202881	3273.727051	2723.064941	3183.98291	213460838	2584220672	2725.230957	2216.015137	1738.429688	1558.643921
200702	2744.813965	3049.770996	2541.524902	2881.072998	118555174	1591253760	2456.032959	2061.74707	1633.38208	1499.06311
200701	2728.187988	2994.281982	2617.019043	2786.334961	175218534	2508365568	2230.302979	1917.662109	1543.375366	1447.762573
200612	2106.294922	2698.904053	2084.26709	2675.474121	105046604	1816592128	2004.763672	1768.858032	1457.095581	1401.091553
200611	1838.680054	2102.056885	1833.20105	2099.289063	70295987	1323923328	1792.215454	1631.213623	1381.279053	1358.547974
200610	1768.144043	1842.72998	1753.494019	1837.993042	43991299	877300480	1706.799805	1547.089355	1335.376587	1340.435181
200609	1658.660034	1755.69104	1634.026001	1752.42395	43248608	837051264	1667.461182	1479.395752	1308.7771	1332.35498
200608	1619.63501	1667.530029	1541.412964	1658.637939	34673315	678223808	1605.020874	1414.079346	1280.74707	1331.994873
200607	1677.311035	1757.472046	1611.162964	1612.733032	50658700	911272064	1532.952393	1357.497314	1261.139893	1332.542603
200606	1639.672974	1695.579956	1512.520996	1672.21106	56676864	1075434752	1470.211914	1311.7854	1247.541748	1331.809082
200605	1446.991943	1678.598999	1446.991943	1641.300049	67851494	1261933312	1387.378906	1260.843994	1229.95813	1325.970337
200604	1298.68396	1444.713989	1298.68396	1440.223022	44278201	914328704	1291.330322	1205.017334	1217.721069	1317.834473
200603	1299.154053	1313.125	1238.156006	1298.295044	25451612	567031488	1223.137695	1169.088989	1212.812988	1314.77063
200602	1263.003052	1304.613037	1256.807983	1299.030029	23571188	543782656	1182.042236	1145.333252	1217.208374	1317.06604
200601	1163.878052	1262.087036	1161.906006	1258.046021	22689672	518485408	1153.359009	1131.344727	1222.215088	1321.164307
200512	1098.784058	1173.063965	1074.006958	1161.057007	14150974	379093824	1134.309448	1123.663818	1237.108032	1328.454224
200511	1091.677002	1122.879028	1074.297974	1099.260986	14052964	396481248	1118.704712	1138.158447	1258.834595	1339.286255
200510	1153.671997	1165.666016	1067.406982	1092.817017	13083839	306120288	1115.039917	1147.414673	1290.952637	1355.186157
200509	1163.699951	1223.564941	1129.053955	1155.614014	25513585	597111872	1108.624268	1164.782471	1320.065186	1369.473755
200508	1082.796021	1201.755005	1081.118042	1162.797974	29168348	768863232	1109.330566	1183.298096	1341.820923	1381.305908
200507	1077.312988	1097.634033	1004.080994	1083.032959	13687094	377405088	1113.018188	1199.072021	1358.533203	1392.943726
200506	1059.609985	1146.416992	998.2280273	1080.937988	19084921	486280032	1157.612183	1230.424805	1374.242798	1406.836426
200505	1160.619995	1165.390015	1043.276001	1060.738037	9081092	223922432	1179.789307	1256.537109	1387.611084	1416.060425
200504	1180.373047	1254.31897	1135.733032	1159.145996	18111216	388548960	1220.940674	1289.083618	1402.932251	1428.508423
200503	1305.249023	1326.07605	1162.031006	1181.235962	18662531	375598432	1257.265869	1313.085205	1416.073975	1440.120239
200502	1189.500977	1328.532959	1187.26001	1306.003052	12751334	257579280	1285.125732	1350.552124	1430.849365	1453.466309
200501	1260.781982	1268.855957	1189.21106	1191.822998	10714010	206209296	1303.237305	1379.51062	1439.850342	1465.486572
200412	1340.916016	1352.454956	1264.151978	1266.495972	12792132	237372256	1333.285034	1434.490601	1459.072388	1480.812256
200411	1317.657959	1387.342041	1290.988037	1340.770996	18449593	320007296	1357.226318	1475.347656	1471.81958	1496.354126
200410	1395.668945	1437.572021	1289.873047	1320.536011	17310360	274668960	1368.904419	1500.343506	1480.309937	1502.186279
200409	1340.75	1496.213989	1259.432007	1396.560059	24338297	415394368	1415.978394	1517.994385	1489.879761	1513.760132
200408	1381.876953	1424.552979	1310.024048	1342.062012	11480192	190773840	1455.783936	1518.060791	1495.04248	1520.671753
200407	1398.197998	1466.784058	1366.503052	1386.202026	15533713	240831120	1535.696045	1518.684814	1495.822144	1526.759521
200406	1555.562012	1580.569946	1376.218018	1399.161987	16995800	237253760	1593.468994	1516.780762	1498.221069	1530.275146
200405	1600.625977	1606.072021	1508.64502	1555.906006	11628816	162512640	1631.782471	1519.062866	1503.637817	1538.502075
200404	1744.708984	1783.006958	1572.22998	1595.587036	32576236	404251968	1620.01001	1511.146484	1504.92334	1544.905151
200403	1676.222046	1760.07605	1634.709961	1741.623047	35672256	468341440	1580.337646	1500.190186	1508.474854	1548.024536
200402	1630.654053	1730.279053	1585.958008	1675.067017	45238832	595819520	1501.673584	1483.654053	1503.973389	1548.799316
200401	1492.723999	1634.412964	1491.69397	1590.729004	25105033	356958016	1440.092407	1468.291382	1506.857666	1554.101807
200312	1398.706055	1525.29895	1398.706055	1497.043945	29840652	469573056	1406.343262	1460.276489	1503.108032	1565.088013
200311	1346.480957	1423.582031	1307.39502	1397.224976	18874504	309617440	1402.282959	1461.765259	1511.643311	1589.121094
200310	1366.20105	1411.880005	1334.784058	1348.302979	10668502	164454800	1420.042603	1472.024414	1521.977295	1616.355347
200309	1423.353027	1456.552979	1348.222046	1367.161011	11442616	155248016	1465.634277	1472.959473	1530.797119	1642.051392
200308	1476.469971	1497.102051	1406.68103	1421.983032	9533071	129856488	1496.490723	1479.661621	1537.022461	1666.905151
200307	1485.520996	1540.19397	1464.865967	1476.741943	15157214	210929936	1514.209717	1488.212891	1548.221802	1684.811768
200306	1577.987061	1582.411987	1483.686035	1486.024048	15955902	240738144	1521.247803	1498.700439	1561.784424	1704.440552
200305	1522.980957	1581.612061	1477.251953	1576.260986	19437355	265931648	1524.006104	1516.759766	1571.94165	1724.022217
200304	1513.000977	1649.603027	1473.265991	1521.44397	37585705	542571200	1480.284546	1524.293091	1581.371826	1740.50061
200303	1511.584961	1529.751953	1447.014038	1510.578003	13280256	177241968	1462.832275	1545.424194	1597.006592	1755.162109
200302	1499.166016	1524.750977	1474.470947	1511.932007	10349996	147642448	1462.21582	1545.939697	1617.49353	1768.481567
200301	1347.432983	1508.588013	1311.68396	1499.814941	19562713	318844000	1476.153076	1561.521484	1652.798584	1785.457031
200212	1432.029053	1439.849976	1348.713989	1357.654053	10888189	157407392	1509.513672	1571.93042	1688.520508	1802.914429
200211	1507.383057	1573.104004	1353.139038	1434.182007	12083801	180638128	1568.301636	1588.63501	1726.59729	1821.929688
200210	1577.052002	1577.052002	1488.678955	1507.495972	7525285	123150552	1628.016357	1594.383545	1760.526733	1837.275269
200209	1666.340942	1680.279053	1577.530029	1581.618042	8659044	111035904	1629.663696	1608.230957	1783.110962	1848.236206
200208	1650.053955	1696.276978	1624.04895	1666.618042	11408472	136551936	1646.889893	1624.868408	1807.310303	1855.522949
200207	1736.292969	1741.917969	1647.265015	1651.593994	20256627	241564032	1634.34729	1627.123657	1827.65332	1857.121582
200206	1510.246948	1748.890015	1455.305054	1732.755005	24603377	348874016	1608.968506	1638.450928	1848.604248	1853.234985
200205	1669.870972	1670.916992	1506.541992	1515.733032	10971500	128014544	1560.750732	1648.589233	1860.031006	1841.029175
200204	1598.026001	1680.297974	1575.972046	1667.749023	18414776	225825248	1586.798218	1689.047607	1879.752319	1838.33728
200203	1521.527954	1693.873047	1494.833984	1603.905029	28916214	380961984	1602.847046	1744.075806	1897.424805	1832.897583
200202	1494.577026	1544.921021	1476.133057	1524.70105	8264808	119100016	1619.900024	1805.110962	1918.406494	1831.790771
200201	1643.484985	1643.5	1339.199951	1491.665039	13250928	202123616	1667.933228	1864.559326	1938.576904	1835.20459
200112	1751.051025	1776.019043	1593.026001	1645.970947	13513731	172025744	1736.427734	1926.670166	1958.721313	1838.864502
200111	1692.350952	1748	1550.464966	1747.993042	14379308	207392496	1791.297241	1957.991211	1968.238892	1840.312866
200110	1766.133057	1773.797974	1514.862061	1689.170044	13363824	205149680	1885.304443	1989.752563	1970.85022	1824.690674
200109	1831.703003	1888.901001	1750.764038	1764.866943	11896028	182422624	1990.321899	2028.183228	1972.120483	1805.749146
200108	1925.239014	1990.698975	1795.567017	1834.137939	16785708	214890992	2061.185303	2058.757568	1960.626953	1785.521973
200107	2220.418945	2223.207031	1909.296997	1920.317993	19702833	230088272	2116.912598	2071.472656	1937.249023	1760.720337
200106	2216.560059	2245.435059	2157.12207	2218.029053	30974150	321921088	2124.685059	2070.457031	1912.982056	1734.532349
200105	2119.897949	2222.650879	2119.894043	2214.25708	28388755	332358080	2094.200439	2050.773926	1877.308594	1698.821411
200104	2117.449951	2179.740967	2081.644043	2119.184082	34066118	446675552	2066.044434	2031.701904	1845.130859	1666.593262
200103	1959.009033	2112.878906	1953.720947	2112.774902	28220249	351541856	2056.330078	2012.59436	1820.527344	1636.531006
200102	2069.855957	2072.547119	1893.782959	1959.180054	11689410	125088728	2026.032593	1990.772095	1794.96167	1607.535034
200101	2077.075928	2131.97998	2007.706055	2065.605957	18107440	182685808	2016.228882	1978.486328	1781.473999	1580.569824
200012	2073.089111	2097.289063	2024.286011	2073.477051	22591038	253660384	2007.34729	1951.947998	1742.159912	1555.613525
200011	1961.081055	2125.724121	1959.720947	2070.613037	26624470	251079568	1997.359741	1916.058228	1694.532471	1531.137817
200010	1912.07605	1980.625977	1896.944946	1961.286987	13540540	129495216	1968.858398	1862.496704	1648.904541	1509.157593
200009	2009.151001	2026.350952	1874.209961	1910.161011	15121542	154312992	1955.511719	1803.026001	1605.344482	1488.562866
200008	2027.012939	2114.521973	1980.344971	2021.198975	34797683	375744512	1940.743774	1755.507202	1566.57019	1466.324829
200007	1917.442017	2024.998047	1888.249023	2023.53894	28027305	321370112	1896.548828	1703.843506	1522.845215	1439.169312
200006	1900.532959	1953.338989	1884.615967	1928.105957	30983699	310276032	1834.756592	1658.559937	1484.039063	1412.481934
200005	1848.172974	1908.30603	1695.531006	1894.553955	21608336	209862944	1756.13501	1628.460693	1448.499634	1388.015015
200004	1799.574951	1858.265015	1746.302002	1836.321045	29798774	298831456	1650.540283	1599.151123	1415.916626	1362.85083
200003	1720.597046	1811.062988	1596.072021	1800.224976	45108774	467254880	1570.27063	1584.461914	1381.611694	1340.986572
200002	1591.444946	1770.880005	1583.582031	1714.578003	35233811	372088416	1511.138306	1532.371948	1357.446411	1317.558472
200001	1368.692993	1547.708008	1361.213989	1534.996948	23509856	289249120	1482.363037	1473.006958	1338.677612	1301.10791
199912	1434.978027	1461.899048	1341.052002	1366.579956	7746828	107463576	1500.786621	1435.312744	1332.488159	1289.600098
199911	1501.734985	1506.994019	1427.348999	1434.973022	8462302	122135528	1547.762207	1407.66333	1331.331421	1285.723145
199910	1568.238037	1568.375	1452.708984	1504.562988	6655524	100366896	1598.653198	1377.633423	1321.733765	1280.730225
199909	1627.821045	1695.644043	1556.73999	1570.702026	14978681	162287472	1553.605835	1341.846924	1306.832275	1277.036377
199908	1607.062012	1658.688965	1546.837036	1627.11499	20812521	236753472	1463.650757	1309.518433	1289.442871	1265.833496
199907	1678.838013	1678.838013	1471.509033	1601.458008	29636531	366656896	1369.838623	1268.538574	1267.792236	1246.271973
199906	1283.300049	1756.18396	1259	1689.427979	50140716	544835136	1267.564453	1232.682373	1244.700684	1225.048218
199905	1120.907959	1303.47998	1047.833008	1279.32605	14982324	228271424	1156.613525	1178.761841	1219.249023	1199.301147
199904	1158.68103	1210.099976	1087.793945	1120.927002	10991266	161965424	1130.088135	1182.521118	1210.151855	1191.088379
199903	1092.14502	1179.650024	1084.156006	1158.053955	9517971	136476416	1155.386108	1204.348633	1215.158569	1186.281128
199902	1131.651001	1131.660034	1064.17395	1090.087036	1750924	27564678	1167.238525	1229.66394	1216.743896	1176.863525
199901	1144.887939	1174.427002	1104.500977	1134.672974	6256500	92861176	1197.800415	1255	1224.753052	1167.525269
199812	1249.006958	1251.868042	1125.55896	1146.699951	5629726	72169576	1200.9104	1265.834351	1232.278564	1157.118774
199811	1217.338013	1300.151978	1210.845947	1247.416992	11615065	121672400	1234.954224	1271.817261	1244.630859	1145.703735
199810	1245.737061	1263.713013	1191.557007	1217.31604	10332120	116726232	1253.311279	1269.366943	1243.990967	1125.578247
199809	1142.5	1264.397949	1123.63501	1242.895996	12035932	154811648	1292.089233	1267.045532	1235.138794	1107.706421
199808	1315.13501	1315.469971	1043.021973	1150.223022	8056724	115686208	1312.199585	1256.718628	1221.231079	1084.822754
199807	1363.265015	1367.146973	1278.301025	1316.918945	9273751	107034360	1330.758179	1259.735718	1209.570923	1064.913452
199806	1418.354004	1422.979004	1323.527954	1339.202026	14043091	141852960	1308.68042	1237.782104	1195.371948	1038.927856
199805	1353.05603	1411.347046	1324.723999	1411.206055	16776262	188480768	1285.422607	1225.968262	1177.247437	1012.797424
199804	1243.373047	1343.459961	1240.057983	1343.447998	18998380	223278192	1242.001709	1203.82373	1150.463501	987.12854
199803	1196.741943	1252.241943	1175.553955	1243.015991	9196249	85389032	1201.237793	1194.506104	1123.787964	966.2576294
199802	1257.994995	1262.623047	1189.519043	1206.530029	6071511	60053320	1188.713257	1198.7229	1102.760986	948.9047241
199801	1200.947998	1250.005005	1110.087036	1222.912964	7890503	70367152	1166.883789	1217.44458	1082.647217	932.8161621
199712	1137.588013	1198.973999	1119.20105	1194.102051	7125495	66489936	1166.513916	1218.61499	1053.684082	915.2373047
199711	1181.161987	1213.228027	1114.137939	1139.628052	6104984	62756504	1165.64563	1203.231934	1028.036987	896.4533081
199710	1100.699951	1241.833008	1087.017944	1180.392944	6935039	69933400	1187.774414	1185.743408	998.875	881.815979
199709	1224.177002	1264.489014	1025.130005	1097.383057	8003785	92347448	1208.732178	1159.406006	967.5024414	861.8005371
199708	1191.651001	1223.071045	1116.147949	1221.063965	8546324	92386064	1268.005371	1152.96228	939.5007935	846.7851563
199707	1255.909058	1261.571045	1066.043945	1189.76001	10473352	90009400	1270.716064	1128.526978	906.2120361	824.3917236
199706	1302.819946	1369.512939	1154.972046	1250.271973	13388609	97375848	1240.818604	1097.103516	878.7810669	803.486084
199705	1398.140991	1510.178955	1213.244019	1285.182007	21189449	156260816	1183.712646	1053.070068	852.1334839	783.4059448
199704	1243.873047	1396.480957	1222.55603	1393.749023	25338556	211733184	1110.079834	1006.799622	823.9959106	763.3528442
199703	1044.613037	1234.957031	1043.927002	1234.616943	19859980	186113200	1037.919312	947.8497925	790.5019531	738.727356
199702	969.5310059	1040.329956	870.184021	1040.272949	6851976	77352296	986.3380127	888.7531128	763.5485229	723.9450684
199701	914.0599976	967.8969727	871.7839966	964.7420044	6025411	69254912	953.3884888	852.8417969	743.0639038	715.4469604
199612	1056.675049	1258.688965	855.8469849	917.0180054	20865921	219447696	922.4276123	812.0065918	729.8522949	694.4195557
199611	935.1690063	1047.392944	896.875	1032.947021	11515888	136847408	903.5193481	775.5988159	712.9979248	679.4953003
199610	887.8519897	1038.811035	852.8309937	976.710022	14902076	185288560	857.7801514	726.0391235	693.6965332	663.6057129
199609	812.9420166	875.5250244	752.684021	875.5250244	7820335	88503304	791.1681519	683.8970947	672.3240967	650.8007202
199608	823.1719971	894.8579712	766.7000122	809.9379883	6562389	81172128	752.2952271	660.4586182	656.6773682	645.0984497
199607	800.9089966	894.7290039	753.6389771	822.4769897	11582430	140098864	701.5856323	651.1968384	648.5738525	643.7998657
199606	643.9550171	819.8389893	636.4569702	804.2509766	9286700	121946592	647.6782227	641.1921387	641.6295166	642.05896
199605	715.9699707	725.1610107	630.4199829	643.6500244	4591271	75968152	594.2980347	633.1540527	634.1660156	643.0439453
199604	566.210022	739.289978	556.2299805	681.1599731	4456287	68390408	576.6259155	638.3440552	641.5409546	654.4199219
199603	583.3800049	606.5100098	549.7199707	556.3900146	1435266	27177720	568.6219482	633.2860107	646.7494507	658.8752441
199602	536.2399902	553.8300171	518.1799927	552.9400024	463738	9370149	600.8079834	647.6980591	635.6259766	670.0046387
199601	550.2600098	561.3599854	512.8300171	537.3499756	1040444	24173876	634.7060547	650.3970337	631.4434814	681.4292603
199512	631.5499878	643.3599854	552.8400269	555.289978	997851	17671844	672.0100708	661.3540039	632.3890381	692.8865967
199511	716.460022	736.9099731	632.0300293	641.1400146	2001216	35426188	700.0620117	660.7510376	634.2525024	707.9453735
199510	724.039978	765.4799805	693.8599854	717.3200073	4117170	71208464	697.9500122	652.8959961	637.418457	717.7566528
199509	726.0499878	792.539978	699.0999756	722.4299927	3172000	59926284	694.5880127	645.9509888	640.1014404	739.1386108
199508	697.2199707	788.1599731	688.6500244	723.8699951	5284037	100044080	666.0880127	642.0670166	642.4924927	745.9212036
199507	623.1400146	723.6799927	610.3300171	695.5499878	3192349	66999480	650.697998	635.1780396	647.9888916	766.454895
199506	703.7199707	722.2999878	625.7000122	630.5800171	1582907	26658568	621.4400024	644.7379761	662.4579468	783.2191772
199505	576.6900024	926.4099731	564.8599854	700.5100098	5265582	61327316	607.84198	660.2130127	671.6699829	788.2128906
199504	651.039978	681.1500244	547.210022	579.9299927	2081070	30383922	597.3139648	623.5539551	681.157959	789.0158691
199503	548.9099731	648.039978	545.7199707	646.9199829	2336012	29372608	618.0460205	612.4899292	696.9454346	786.5932007
199502	559.7800293	608.5800171	524.4299927	549.2600098	630896	10386637	619.65802	603.4240112	708.6529541	788.4400024
199501	637.7199707	657.4500122	547.3800049	562.5900269	502634	7730020	668.0360107	607.7540283	731.5425415	797.5736084
199412	684.0200195	695.2199707	620.4699707	647.8699951	2017594	21634040	712.5839844	621.94104	750.1869507	813.8897095
199411	667.6599731	743.2199707	648.6799927	683.5900269	2948146	32386736	649.7940063	634.2519531	785.7324219	832.0004272
199410	770.9000244	794.8499756	546.789978	654.9799805	5588232	65577128	606.93396	642.9180298	797.8484497	850.3710938
199409	785.6099854	1052.939941	785.5599976	791.1500244	15156704	148753120	587.1900635	660.7999878	832.0933838	843.3844604
199408	394.8699951	787.2199707	377.9700012	785.3300171	14849851	207322048	547.4720459	680.1780396	852.4598389	829.7207642
199407	469.269989	469.4299927	325.8900146	333.9200134	763791	15428914	531.2979736	683.1270752	852.2128906	815.6984253
199406	554.0800171	556.9000244	458.7399902	469.2900085	1051916	21192208	618.710022	738.7620239	871.7468872	815.0090332
199405	593.9400024	620.9400024	537.7800293	556.2600098	2319452	41944620	678.9019775	781.401001	873.6448975	809.1243286
199404	704.9299927	705.4099731	536.3400269	592.5599976	3177415	39314388	734.4100342	813.881958	880.9480591	799.2356567
199403	771.5200195	807.5200195	694.0300293	704.460022	5807719	53540892	812.8839722	855.3310547	892.4835205	786.7703857
199402	770.25	818.5700073	749.6300049	770.9799805	1548400	15068988	834.9560547	878.4329834	909.8640747	769.3190308
199401	837.7000122	907.0900269	760.7800293	770.25	2359667	24245440	858.8140869	937.2130127	930.8746338	749.5673828
199312	993.6699829	1044.849976	750.460022	833.7999878	3771002	28186648	883.9000244	952.7789307	954.0975342	728.6856689
199311	801.8599854	1011.76001	793.3200073	984.9299927	3731798	26927668	893.3540039	1003.386902	934.6765747	705.4776611
199310	895.6900024	934.4000244	774.539978	814.8200073	2364163	15145361	897.7780151	1024.741943	904.4920654	676.4743652
199309	898.0100098	947.5300293	864.3800049	890.2700195	692398	6194908	921.9099731	1021.299011	881.9840698	653.1116333
199308	885.3099976	1042.469971	823	895.6799927	1815310	14976937	1015.612	1004.732056	853.1325073	627.4423218
199307	1000.799988	1009.890015	777.7299805	881.0700073	807470	6560435	1021.657898	965.8890381	822.9859619	602.0200806
199306	935.9000244	1177.910034	859.4799805	1007.049988	1547515	9065218	1113.419922	948.0139771	791.9124756	576.9833374
199305	1365.150024	1380.5	930.6400146	935.4799805	1212499	6612356	1151.705933	929.6359253	752.4900513	547.6687012
199304	921.5900269	1392.619995	915.5900269	1358.780029	2609821	12998694	1120.68811	941.2950439	714.7620239	
199303	1328.219971	1339.099976	913.7399902	925.9099731	1460900	7621896	993.8520508	924.5360107	655.7445068
199302	1242.349976	1558.949951	1196.469971	1339.880005	2599716	12275779	910.1199951	955.4158936	616.638916
199301	784.1300049	1198.47998	777.1599731	1198.47998	1152716	7341654	782.6080322	865.9660034	556.5229492
199212	718.9899902	841.0200195	592.7800293	780.3900146	621652	4761674	707.56604	784.2420044	502.3404236
199211	471.1799927	752.3200073	386.8500061	724.5999756	282850	3251862	761.9019775	742.6690063	469.0179749
199210	676.4699707	713.7700195	447.9299927	507.25	228481	2046371	855.2199097	701.532959	438.7974548
199209	826.960022	832.8400269	595.4199829	702.3200073	273413	2089985	1000.711914	680.0829468	420.0855103
199208	1034.699951	1060.359985	627.3599854	823.2700195	286256	2040679	949.3239136	635.8109741	391.4679565
199207	1199.540039	1215.23999	961.6099854	1052.069946	278120	1388425	860.9179688	575.3439941	356.6849976
199206	1175.689941	1249.579956	1033.469971	1191.189941	200664	794087	723.4359741	488.2290039	
199205	454.8599854	1429.01001	439.9599915	1234.709961	208523	1073313	547.8460083	386.9529724	
199204	381.5499878	448.9400024	381.0100098	445.3800049	80494	510611	359.45401	277.8619995	
199203	365.1499939	382.0599976	364.6600037	381.2399902	34681	161441	322.2980042	247.0799866	
199202	314.1799927	364.6700134	313.2399902	364.6600037	16569	108287	289.769989	220.4389954	
199201	293.7399902	313.2399902	292.7600098	313.2399902	2269	16905	253.0220032	195.3669891	
199112	261.7799988	292.75	259.6700134	292.75	4666	43666	226.0599823	176.0619965	
199111	220.7100067	259.8500061	218.6000061	259.6000061	8021	96270	196.269989	160.0879974
199110	181.5500031	218.6000061	179.8000031	218.6000061	14953	223443	171.8619843	147.125
199109	180.0800018	191.1799927	178.4299927	180.9199982	19410	286133	151.1080017	138.0260162
199108	145.1199951	178.4299927	143.8000031	178.4299927	4430	80814	137.7120056	
199107	136.6399994	143.8000031	131.8699951	143.8000031	8596	160132	126.064003	
199106	115.9000015	137.5599976	114.8899994	137.5599976	4639	77828	123.9060059	
199105	113.0400009	114.8300018	104.9599991	114.8300018	3946	76786	122.3880005	
199104	120.6900024	122.1999969	113.8899994	113.9400024	3647	70671	124.9440079	
199103	132.5299988	132.5299988	120.1100006	120.1900024	1725	24528		
199102	129.5	134.8699951	128.0599976	133.0099945	3027	50982		
199101	127.6100006	135.1900024	127.6100006	129.9700012	3637	67197		
199012	96.05000305	127.6100006	95.79000092	127.6100006	93	1884		
